118825.000        0.1510
118825.100        0.1515
118825.200        0.1492
118825.300        0.1489
118825.400        0.1516
118825.500        0.1523
118825.600        0.1473
118825.700        0.1392
118825.800        0.1346
118825.900        0.1364
118826.000        0.1426
118826.100        0.1493
118826.200        0.1534
118826.300        0.1535
118826.400        0.1510
118826.500        0.1487
118826.600        0.1474
118826.700        0.1434
118826.800        0.1358
118826.900        0.1333
118827.000        0.1421
118827.100        0.1526
118827.200        0.1505
118827.300        0.1375
118827.400        0.1256
118827.500        0.1223
118827.600        0.1250
118827.700        0.1275
118827.800        0.1293
118827.900        0.1359
118828.000        0.1450
118828.100        0.1465
118828.200        0.1373
118828.300        0.1286
118828.400        0.1333
118828.500        0.1493
118828.600        0.1593
118828.700        0.1526
118828.800        0.1397
118828.900        0.1376
118829.000        0.1471
118829.100        0.1560
118829.200        0.1548
118829.300        0.1460
118829.400        0.1396
118829.500        0.1394
118829.600        0.1430
118829.700        0.1480
118829.800        0.1514
118829.900        0.1482
118830.000        0.1396
118830.100        0.1348
118830.200        0.1409
118830.300        0.1532
118830.400        0.1601
118830.500        0.1552
118830.600        0.1465
118830.700        0.1477
118830.800        0.1650
118830.900        0.1870
118831.000        0.1972
118831.100        0.1926
118831.200        0.1838
118831.300        0.1793
118831.400        0.1774
118831.500        0.1750
118831.600        0.1743
118831.700        0.1781
118831.800        0.1850
118831.900        0.1930
118832.000        0.2001
118832.100        0.1987
118832.200        0.1836
118832.300        0.1630
118832.400        0.1501
118832.500        0.1497
118832.600        0.1556
118832.700        0.1588
118832.800        0.1550
118832.900        0.1460
118833.000        0.1332
118833.100        0.1210
118833.200        0.1167
118833.300        0.1213
118833.400        0.1259
118833.500        0.1241
118833.600        0.1182
118833.700        0.1145
118833.800        0.1166
118833.900        0.1224
118834.000        0.1255
118834.100        0.1224
118834.200        0.1178
118834.300        0.1211
118834.400        0.1321
118834.500        0.1398
118834.600        0.1341
118834.700        0.1217
118834.800        0.1199
118834.900        0.1350
118835.000        0.1577
118835.100        0.1747
118835.200        0.1826
118835.300        0.1860
118835.400        0.1870
118835.500        0.1824
118835.600        0.1697
118835.700        0.1537
118835.800        0.1414
118835.900        0.1346
118836.000        0.1302
118836.100        0.1215
118836.200        0.1091
118836.300        0.1043
118836.400        0.1122
118836.500        0.1234
118836.600        0.1272
118836.700        0.1261
118836.800        0.1281
118836.900        0.1361
118837.000        0.1443
118837.100        0.1506
118837.200        0.1635
118837.300        0.1893
118837.400        0.2168
118837.500        0.2275
118837.600        0.2153
118837.700        0.1901
118837.800        0.1664
118837.900        0.1495
118838.000        0.1377
118838.100        0.1298
118838.200        0.1257
118838.300        0.1247
118838.400        0.1266
118838.500        0.1321
118838.600        0.1428
118838.700        0.1587
118838.800        0.1776
118838.900        0.1995
118839.000        0.2243
118839.100        0.2471
118839.200        0.2544
118839.300        0.2348
118839.400        0.1968
118839.500        0.1631
118839.600        0.1473
118839.700        0.1440
118839.800        0.1390
118839.900        0.1310
118840.000        0.1315
118840.100        0.1497
118840.200        0.1807
118840.300        0.2133
118840.400        0.2369
118840.500        0.2445
118840.600        0.2359
118840.700        0.2143
118840.800        0.1868
118840.900        0.1637
118841.000        0.1492
118841.100        0.1422
118841.200        0.1427
118841.300        0.1524
118841.400        0.1687
118841.500        0.1875
118841.600        0.2100
118841.700        0.2334
118841.800        0.2447
118841.900        0.2334
118842.000        0.2052
118842.100        0.1774
118842.200        0.1615
118842.300        0.1557
118842.400        0.1541
118842.500        0.1538
118842.600        0.1558
118842.700        0.1652
118842.800        0.1907
118842.900        0.2319
118843.000        0.2673
118843.100        0.2653
118843.200        0.2244
118843.300        0.1789
118843.400        0.1560
118843.500        0.1533
118843.600        0.1572
118843.700        0.1672
118843.800        0.1945
118843.900        0.2346
118844.000        0.2609
118844.100        0.2504
118844.200        0.2121
118844.300        0.1748
118844.400        0.1574
118844.500        0.1641
118844.600        0.1864
118844.700        0.2111
118844.800        0.2272
118844.900        0.2279
118845.000        0.2155
118845.100        0.1995
118845.200        0.1882
118845.300        0.1830
118845.400        0.1809
118845.500        0.1822
118845.600        0.1909
118845.700        0.2062
118845.800        0.2179
118845.900        0.2172
118846.000        0.2058
118846.100        0.1923
118846.200        0.1813
118846.300        0.1738
118846.400        0.1703
118846.500        0.1728
118846.600        0.1812
118846.700        0.1874
118846.800        0.1811
118846.900        0.1644
118847.000        0.1534
118847.100        0.1585
118847.200        0.1746
118847.300        0.1876
118847.400        0.1883
118847.500        0.1777
118847.600        0.1638
118847.700        0.1553
118847.800        0.1577
118847.900        0.1684
118848.000        0.1775
118848.100        0.1772
118848.200        0.1661
118848.300        0.1544
118848.400        0.1526
118848.500        0.1592
118848.600        0.1623
118848.700        0.1548
118848.800        0.1445
118848.900        0.1409
118849.000        0.1428
118849.100        0.1419
118849.200        0.1370
118849.300        0.1325
118849.400        0.1290
118849.500        0.1237
118849.600        0.1187
118849.700        0.1215
118849.800        0.1348
118849.900        0.1485
118850.000        0.1504
118850.100        0.1409
118850.200        0.1325
118850.300        0.1321
118850.400        0.1335
118850.500        0.1317
118850.600        0.1323
118850.700        0.1398
118850.800        0.1469
118850.900        0.1432
118851.000        0.1320
118851.100        0.1248
118851.200        0.1258
118851.300        0.1266
118851.400        0.1219
118851.500        0.1192
118851.600        0.1256
118851.700        0.1374
118851.800        0.1477
118851.900        0.1546
118852.000        0.1582
118852.100        0.1569
118852.200        0.1482
118852.300        0.1358
118852.400        0.1296
118852.500        0.1341
118852.600        0.1412
118852.700        0.1432
118852.800        0.1401
118852.900        0.1363
118853.000        0.1352
118853.100        0.1364
118853.200        0.1392
118853.300        0.1441
118853.400        0.1464
118853.500        0.1392
118853.600        0.1259
118853.700        0.1174
118853.800        0.1195
118853.900        0.1250
118854.000        0.1264
118854.100        0.1252
118854.200        0.1241
118854.300        0.1225
118854.400        0.1206
118854.500        0.1196
118854.600        0.1202
118854.700        0.1207
118854.800        0.1206
118854.900        0.1209
118855.000        0.1199
