       1020.2881       491.81993
       1019.2215       492.01912
       1018.1627       492.25729
       1017.0971       492.46035
       1016.0285       492.64652
       1014.9584       492.82437
       1013.8948       493.03599
       1012.8351       493.26693
       1011.7700       493.46901
       1010.7010       493.64993
       1009.6325       493.83289
       1008.5688       494.04079
       1007.5058       494.25143
       1006.4451       494.47433
       1005.3757       494.64994
       1004.3068       494.82737
       1003.2439       495.03636
       1002.1811       495.24481
       1001.1185       495.45476
       1000.0515       495.63957
       998.98644       495.83445
       997.92224       496.03340
       996.85846       496.23406
       995.79672       496.44527
       994.73212       496.64021
       993.66150       496.80144
       992.59584       496.98922
       991.53905       497.22539
       990.47696       497.43178
       989.40908       497.60544
       988.34107       497.77768
       987.27444       497.95685
       986.20963       498.14557
       985.14416       498.32993
       984.08067       498.52476
       983.01763       498.72155
       981.95254       498.90611
       980.88870       499.09713
       979.82691       499.29923
       978.76598       499.50563
       977.69829       499.67286
       976.62904       499.83037
       975.56719       500.02969
       974.50416       500.22166
       973.43946       500.40333
       972.37402       500.58006
       971.30974       500.76289
       970.24339       500.93304
       969.17808       501.10849
       968.11844       501.31650
       967.05665       501.51140
       965.99319       501.69586
       964.92451       501.84892
       963.86220       502.03894
       962.79965       502.22684
       961.73669       502.41178
       960.67169       502.58394
       959.60284       502.73232
       958.54090       502.92145
       957.48011       503.11685
       956.41683       503.29668
       955.35365       503.47654
       954.28838       503.64305
       953.22129       503.79778
       952.15767       503.97293
       951.09565       504.15729
       950.03251       504.33409
       948.96848       504.50488
       947.90441       504.67466
       946.83773       504.82769
       945.77495       505.00413
       944.71302       505.18530
       943.65047       505.36193
       942.58851       505.54166
       941.52391       505.70426
       940.45828       505.85962
       939.39254       506.01361
       938.33381       506.21117
       937.27085       506.38148
       936.20631       506.54104
       935.14294       506.70734
       934.07682       506.85536
       933.01606       507.03711
       931.95483       507.21524
       930.89158       507.37978
       929.82591       507.52792
       928.76071       507.67836
       927.69644       507.83408
       926.63559       508.01154
       925.57587       508.19580
       924.51561       508.37604
       923.45389       508.54603
       922.38693       508.68072
       921.31826       508.80322
       920.25568       508.96540
       919.19530       509.14165
       918.13579       509.32315
       917.06976       509.46032
       916.00711       509.61947
       914.94156       509.75828
       913.87678       509.90161
       912.81559       510.06856
       911.75617       510.24702
       910.69274       510.39750
       909.62890       510.54446
       908.56467       510.68796
       907.50161       510.83884
       906.44042       511.00204
       905.37991       511.16926
       904.31892       511.33266
       903.25514       511.47584
       902.19322       511.63137
       901.12786       511.76196
       900.06668       511.92136
       899.00425       512.07124
       897.94207       512.22217
       896.87947       512.36952
       895.82013       512.53950
       894.75596       512.67418
       893.69301       512.81693
       892.62940       512.95416
       891.56668       513.09715
       890.50588       513.25338
       889.44475       513.40654
       888.38262       513.55176
       887.31888       513.68449
       886.25423       513.80967
       885.19249       513.95563
       884.13291       514.11693
       883.07311       514.27604
       882.01140       514.42028
       880.94572       514.53400
       879.88303       514.66943
       878.82043       514.80475
       877.75828       514.94273
       876.69788       515.09341
       875.63672       515.23757
       874.57631       515.38689
       873.51400       515.52094
       872.45062       515.64595
       871.38684       515.76712
       870.32461       515.89952
       869.26488       516.05067
       868.20615       516.20911
       867.14424       516.34193
       866.08379       516.48557
       865.02047       516.60588
       863.95690       516.72339
       862.89504       516.85366
       861.83359       516.98649
       860.77348       517.12943
       859.71343       517.27216
       858.65361       517.41615
       857.59055       517.53315
       856.52825       517.65561
       855.46684       517.78452
       854.40571       517.91500
       853.34427       518.04223
       852.28548       518.19065
       851.22652       518.33713
       850.16377       518.45140
       849.10033       518.55905
       848.03778       518.67330
       846.97579       518.79147
       845.91393       518.90996
       844.85372       519.04169
       843.79595       519.19359
       842.73592       519.32564
       841.67622       519.45982
       840.61359       519.56799
       839.55081       519.67403
       838.48916       519.78903
       837.42598       519.88993
       836.36450       520.00473
       835.30604       520.14550
       834.24600       520.27169
       833.18693       520.40579
       832.12736       520.53478
       831.06529       520.64071
       830.00311       520.74481
       828.94097       520.84841
       827.88193       520.97927
       826.82295       521.11004
       825.76519       521.25141
       824.70560       521.37534
       823.64362       521.47658
       822.58164       521.57687
       821.52134       521.69197
       820.46048       521.80114
       819.39837       521.89769
       818.33707       522.00098
       817.27938       522.13768
       816.22028       522.26040
       815.16147       522.38520
       814.10314       522.51402
       813.04176       522.61277
       811.97956       522.70271
       810.91871       522.80482
       809.85733       522.90092
       808.79764       523.01281
       807.74013       523.14532
       806.68047       523.25613
       805.62107       523.36862
       804.56150       523.47880
       803.50085       523.57736
       802.44065       523.67959
       801.37793       523.75546
       800.31637       523.84216
       799.25722       523.95246
       798.19863       524.06787
       797.13930       524.17498
       796.08080       524.28989
       795.02162       524.39701
       793.96145       524.49305
       792.90181       524.59387
       791.83951       524.66560
       790.77941       524.75977
       789.72103       524.87146
       788.66138       524.96880
       787.60255       525.07420
       786.54590       525.20244
       785.48688       525.30438
       784.42697       525.39576
       783.36661       525.48133
       782.30714       525.57587
       781.24748       525.66741
       780.18679       525.74655
       779.12738       525.83919
       778.06826       525.93418
       777.01010       526.03932
       775.95081       526.13075
       774.89120       526.21773
       773.83263       526.31583
       772.77646       526.44104
       771.71701       526.52748
       770.65641       526.59944
       769.59610       526.67388
       768.53757       526.76846
       767.47864       526.85742
       766.41860       526.93214
       765.36080       527.03296
       764.30319       527.13540
       763.24348       527.21153
       762.18494       527.30094
       761.12620       527.38713
       760.06761       527.47431
       759.00864       527.55580
       757.94884       527.62617
       756.88929       527.69857
       755.83095       527.78523
       754.77338       527.88097
       753.71487       527.96388
       752.65597       528.04080
       751.59758       528.12359
       750.54181       528.23951
       749.48389       528.32683
       748.42499       528.40039
       747.36763       528.49346
       746.30843       528.56110
       745.24808       528.61224
       744.18965       528.68821
       743.13132       528.76462
       742.07276       528.83688
       741.01448       528.91199
       739.95670       528.99324
       738.89911       529.07622
       737.84190       529.16367
       736.78555       529.26252
       735.72660       529.32384
       734.66825       529.39251
       733.61124       529.47971
       732.55382       529.55997
       731.49491       529.61776
       730.43682       529.68635
       729.37861       529.75237
       728.31968       529.80647
       727.26254       529.88636
       726.20413       529.94610
       725.14502       529.99408
       724.08819       530.07578
       723.03136       530.15687
       721.97466       530.23897
       720.91716       530.30791
       719.85959       530.37467
       718.80310       530.45777
       717.74490       530.51268
       716.68682       530.56830
       715.62896       530.62629
       714.57069       530.67644
       713.51284       530.73243
       712.45551       530.79586
       711.39790       530.85367
       710.34044       530.91278
       709.28435       530.99436
       708.22714       531.05589
       707.16988       531.11546
       706.11351       531.18946
       705.05702       531.26068
       704.00041       531.32873
       702.94321       531.38546
       701.88514       531.42529
       700.82820       531.48439
       699.77151       531.54698
       698.71484       531.60895
       697.65742       531.65587
       696.60004       531.70228
       695.54309       531.75581
       694.48681       531.82072
       693.42923       531.85990
       692.37198       531.90388
       691.31482       531.94839
       690.25866       532.01155
       689.20280       532.07959
       688.14659       532.13981
       687.08954       532.18194
       686.03325       532.23835
       684.97724       532.29955
       683.92020       532.33797
       682.86369       532.38639
       681.80770       532.44482
       680.75072       532.48071
       679.69493       532.54118
       678.63881       532.59352
       677.58173       532.62322
       676.52527       532.66532
       675.46932       532.71773
       674.41266       532.75264
       673.35638       532.79499
       672.30017       532.83745
       671.24418       532.88413
       670.18805       532.92593
       669.13176       532.96289
       668.07628       533.01792
       667.02008       533.05423
       665.96379       533.08691
       664.90780       533.12550
       663.85282       533.18885
       662.79703       533.23021
       661.74150       533.27708
       660.68603       533.32433
       659.63089       533.37962
       658.57552       533.42714
       657.51958       533.45817
       656.46303       533.47027
       655.40724       533.50164
       654.35179       533.54154
       653.29633       533.57967
       652.24059       533.60837
       651.18488       533.63586
       650.12901       533.65706
       649.07345       533.68590
       648.01794       533.71444
       646.96245       533.74224
       645.90689       533.76600
       644.85191       533.80670
       643.79674       533.83983
       642.74179       533.87874
       641.68695       533.92034
       640.63208       533.95933
       639.57699       533.98930
       638.52191       534.01787
       637.46663       534.03737
       636.41167       534.06652
       635.35643       534.08363
       634.30160       534.11457
       633.24702       534.15337
       632.19224       534.18287
       631.13678       534.18259
       630.08219       534.21618
       629.02780       534.25608
       627.97337       534.29327
       626.91830       534.30041
       625.86355       534.31970
       624.80905       534.34796
       623.75466       534.37991
       622.70019       534.40580
       621.64544       534.41626
       620.59084       534.43191
       619.53641       534.45317
       618.48211       534.47938
       617.42766       534.49582
       616.37325       534.51129
       615.31906       534.53697
       614.26469       534.54989
       613.21011       534.54801
       612.15595       534.56742
       611.10192       534.59319
       610.04771       534.60534
       608.99333       534.60228
       607.93937       534.62438
       606.88533       534.63866
       605.83131       534.65110
       604.77723       534.65621
       603.72323       534.66325
       602.66935       534.67680
       601.61550       534.68897
       600.56157       534.69114
       599.50786       534.70927
       598.45420       534.72817
       597.40042       534.73189
       596.34668       534.73603
       595.29318       534.76153
       594.23970       534.78600
       593.18596       534.77531
       592.13238       534.77945
       591.07887       534.78606
       590.02536       534.78888
       588.97192       534.79503
       587.91848       534.79454
       586.86509       534.79424
       585.81175       534.79840
       584.75853       534.81794
       583.70526       534.82149
       582.65203       534.82555
       581.59883       534.82734
       580.54565       534.82079
       579.49252       534.81830
       578.43942       534.81373
       577.38638       534.82377
       576.33338       534.83724
       575.28039       534.82645
       574.22744       534.82359
       573.17453       534.82541
       572.12164       534.82761
       571.06878       534.84032
       570.01598       534.83010
       568.96320       534.82602
       567.91045       534.82810
       566.85774       534.82431
       565.80508       534.81688
       564.75246       534.80843
       563.69985       534.80473
       562.64739       534.78046
       561.59490       534.76750
       560.54229       534.78180
       559.48985       534.77215
       558.43750       534.75423
       557.38509       534.75098
       556.33275       534.74086
       555.28043       534.73299
       554.22804       534.73615
       553.17580       534.72581
       552.12360       534.71366
       551.07142       534.70351
       550.01935       534.68539
       548.96722       534.67593
       547.91501       534.67583
       546.86290       534.66883
       545.81109       534.64034
       544.75911       534.62750
       543.70723       534.61019
       542.65518       534.60658
       541.60326       534.59529
       540.55159       534.56904
       539.49965       534.56307
       538.44778       534.55371
       537.39618       534.52880
       536.34456       534.50745
       535.29281       534.49519
       534.24110       534.48236
       533.18958       534.45971
       532.13803       534.44068
       531.08644       534.42504
       530.03480       534.41312
       528.98351       534.38442
       527.93224       534.35662
       526.88076       534.34038
       525.82940       534.31919
       524.77811       534.29602
       523.72737       534.24965
       522.67592       534.23614
       521.62489       534.20533
       520.57371       534.18211
       519.52249       534.16155
       518.47153       534.13106
       517.42072       534.09603
       516.36996       534.06017
       515.31922       534.02438
       514.26853       533.98854
       513.21737       533.97098
       512.16667       533.93690
       511.11567       533.91471
       510.06510       533.87806
       509.01421       533.85336
       507.96359       533.82011
       506.91329       533.77711
       505.86271       533.74436
       504.81175       533.72457
       503.76149       533.68272
       502.71062       533.66089
       501.66008       533.62937
       500.60961       533.59641
       499.55901       533.56783
       498.50859       533.53411
       497.45799       533.50650
       496.40683       533.49549
       495.35654       533.45931
       494.30700       533.40255
       493.25715       533.35573
       492.20687       533.32116
       491.15634       533.29411
       490.10639       533.25166
       489.05671       533.20256
       488.00703       533.15403
       486.95705       533.11421
       485.90662       533.08620
       484.85714       533.03422
       483.80792       532.97671
       482.75784       532.94107
       481.70822       532.89434
       480.65829       532.85574
       479.60877       532.80774
       478.55963       532.75108
       477.50989       532.70921
       476.46024       532.66555
       475.40998       532.63626
       474.36007       532.59912
       473.31073       532.54926
       472.26138       532.49995
       471.21174       532.45738
       470.16214       532.41425
       469.11313       532.35879
       468.06320       532.32322
       467.01462       532.25925
       465.96631       532.19018
       464.91647       532.15338
       463.86759       532.09695
       462.81878       532.03950
       461.76925       531.99699
       460.72028       531.94341
       459.67181       531.88025
       458.62278       531.82835
       457.57345       531.78254
       456.52471       531.72562
       455.47565       531.67495
       454.42640       531.62802
       453.37789       531.56750
       452.32936       531.50736
       451.28014       531.46044
       450.23197       531.39431
       449.18285       531.34578
       448.13409       531.29067
       447.08615       531.22125
       446.03794       531.15691
       444.98941       531.09833
       443.94045       531.04768
       442.89306       530.96971
       441.84452       530.91188
       440.79646       530.84617
       439.74857       530.77768
       438.70048       530.71284
       437.65226       530.65036
       436.60324       530.60117
       435.55426       530.55141
       434.50658       530.48026
       433.45766       530.42945
       432.40936       530.36853
       431.36125       530.30478
       430.31326       530.23913
       429.26582       530.16509
       428.21784       530.09952
       427.17103       530.01614
       426.12432       529.93132
       425.07632       529.86671
       424.02876       529.79530
       422.98013       529.74026
       421.93313       529.66062
       420.88499       529.59817
       419.83747       529.52669
       418.78895       529.46967
       417.74171       529.39408
       416.69371       529.32961
       415.64553       529.26769
       414.59833       529.19169
       413.55206       529.10269
       412.50534       529.02021
       411.45973       528.92249
       410.41302       528.84034
       409.36544       528.77016
       408.31755       528.70434
       407.26984       528.63599
       406.22221       528.56645
       405.17403       528.50417
       404.12755       528.41914
       403.08039       528.34327
       402.03379       528.25996
       400.98796       528.16671
       399.94221       528.07258
       398.89441       528.00519
       397.84703       527.93212
       396.80088       527.84337
       395.75344       527.77112
       394.70742       527.68073
       393.66242       527.57776
       392.61522       527.50242
       391.56777       527.43017
       390.51988       527.36309
       389.47391       527.27228
       388.42762       527.18553
       387.38137       527.09824
       386.33659       526.99329
       385.29030       526.90655
       384.24286       526.83358
       383.19716       526.73972
       382.15079       526.65388
       381.10411       526.57168
       380.05828       526.47936
       379.01208       526.39145
       377.96541       526.30886
       376.91962       526.21599
       375.87495       526.11041
       374.82968       526.01168
       373.78335       525.92505
       372.73781       525.82947
       371.69303       525.72535
       370.64695       525.63580
       369.59958       525.56035
       368.55241       525.48252
       367.50724       525.38261
       366.46201       525.28333
       365.41810       525.16969
       364.37238       525.07569
       363.32808       524.96639
       362.28333       524.86199
       361.23677       524.77675
       360.19063       524.68702
       359.14430       524.59914
       358.09767       524.51416
       357.05142       524.42502
       356.00581       524.32910
       354.96197       524.21480
       353.91841       524.09766
       352.87467       523.98241
       351.83002       523.87651
       350.78520       523.77224
       349.73921       523.67979
       348.69305       523.58882
       347.64733       523.49336
       346.60241       523.38968
       345.55864       523.27454
       344.51412       523.16677
       343.47089       523.04635
       342.42629       522.93931
       341.38128       522.83616
       340.33781       522.71797
       339.29296       522.61316
       338.24716       522.51733
       337.20072       522.42735
       336.15614       522.31945
       335.11247       522.20283
       334.07078       522.06752
       333.02699       521.95201
       331.98483       521.82113
       330.94145       521.70177
       329.89487       521.61204
       328.84894       521.51593
       327.80426       521.40817
       326.76005       521.29595
       325.71635       521.17893
       324.67343       521.05472
       323.62934       520.94111
       322.58679       520.81351
       321.54291       520.69773
       320.49893       520.58279
       319.45449       520.47185
       318.40864       520.37314
       317.36521       520.25290
       316.32371       520.11559
       315.28108       519.98811
       314.23733       519.87040
       313.19345       519.75371
       312.14950       519.63747
       311.10640       519.51368
       310.06091       519.41033
       309.01818       519.28315
       307.97758       519.13779
       306.93659       518.99571
       305.89183       518.88545
       304.84827       518.76498
       303.80445       518.64646
       302.75983       518.53439
       301.71592       518.41630
       300.67206       518.29751
       299.62913       518.17089
       298.58899       518.02123
       297.54639       517.89172
       296.50357       517.76389
       295.46056       517.63746
       294.41651       517.51931
       293.37141       517.40932
       292.32744       517.29007
       291.28638       517.14724
       290.24849       516.97912
       289.20676       516.84168
       288.16347       516.71641
       287.11805       516.60772
       286.07439       516.48494
       285.03282       516.34554
       283.98938       516.22067
       282.94978       516.06571
       281.91044       515.90872
       280.86824       515.77384
       279.82532       515.64432
       278.77930       515.53835
       277.73881       515.38975
       276.69588       515.25969
       275.65383       515.12273
       274.61358       514.97204
       273.57240       514.82827
       272.53111       514.68521
       271.48711       514.56228
       270.44186       514.44838
       269.40063       514.30428
       268.36304       514.13307
       267.32196       513.98772
       266.28033       513.84621
       265.23974       513.69693
       264.19887       513.54962
       263.15280       513.43995
       262.11118       513.29758
       261.07189       513.13826
       260.03234       512.98071
       258.99220       512.82732
       257.94898       512.69587
       256.90583       512.56364
       255.86525       512.41288
       254.82781       512.23977
       253.78679       512.09184
       252.74434       511.95389
       251.70406       511.80042
       250.66172       511.66124
       249.61823       511.52977
       248.57624       511.38764
       247.53710       511.22550
       246.49716       511.06883
       245.45838       510.90405
       244.41847       510.74685
       243.37683       510.60139
       242.33553       510.45335
       241.29313       510.31260
       240.25305       510.15582
       239.21588       509.97924
       238.17589       509.82166
       237.13503       509.66967
       236.09303       509.52516
       235.05146       509.37749
       234.01182       509.21672
       232.97040       509.06762
       231.93378       508.88655
       230.89542       508.71690
       229.85424       508.56564
       228.81220       508.41979
       227.77063       508.27061
       226.73054       508.11150
       225.69241       507.93949
       224.65447       507.76615
       223.61213       507.62107
       222.56994       507.47468
       221.53034       507.31144
       220.49336       507.13120
       219.45507       506.95928
       218.41486       506.79940
       217.37403       506.64323
       216.33445       506.47889
       215.29441       506.31724
       214.25622       506.14375
       213.21920       505.96283
       212.17966       505.79748
       211.13927       505.63722
       210.09766       505.48429
       209.05469       505.33944
       208.01744       505.15903
       206.98369       504.95692
       205.94392       504.79169
       204.90245       504.63667
       203.86213       504.47432
       202.82345       504.30177
       201.78667       504.11746
       200.75062       503.92861
       199.71379       503.74438
       198.67272       503.58547
       197.63141       503.42770
       196.59042       503.26778
       195.55358       503.08275
       194.51681       502.89720
       193.47929       502.71590
       192.43820       502.55556
       191.39832       502.38782
       190.36065       502.20678
       189.32414       502.01871
       188.28664       501.83635
       187.24870       501.65632
       186.20962       501.48273
       185.17104       501.30598
       184.13129       501.13576
       183.09495       500.94564
       182.05698       500.76470
       181.01711       500.59445
       179.97706       500.42496
       178.93716       500.25433
       177.90323       500.04941
       176.86934       499.84418
       175.83118       499.66298
       174.79071       499.49469
       173.75016       499.32647
       172.71484       499.12861
       171.67917       498.93251
       170.64313       498.73830
       169.60348       498.56406
       168.56298       498.39427
       167.52763       498.19560
       166.49371       497.98881
       165.45944       497.78389
       164.41820       497.61716
       163.37610       497.45481
       162.33821       497.26903
       161.30602       497.05187
       160.27110       496.84953
       159.23070       496.67674
       158.19155       496.49692
       157.15445       496.30570
       156.11822       496.10955
       155.08548       495.89437
       154.04636       495.71337
       153.00645       495.53629
       151.96790       495.35159
       150.93538       495.13455
       149.90175       494.92323
       148.86467       494.73008
       147.82704       494.53955
       146.78811       494.35566
       145.75200       494.15662
       144.71910       493.94049
       143.68487       493.73121
       142.64151       493.56943
       141.60434       493.37497
       140.57006       493.16521
       139.53771       492.94528
       138.50330       492.73582
       137.46409       492.55100
       136.42371       492.37184
       135.38938       492.16130
       134.35686       491.94126
       133.31980       491.74425
       132.27943       491.56391
       131.24329       491.36166
       130.21097       491.13974
       129.17696       490.92626
       128.13933       490.73088
       127.10425       490.52233
       126.06759       490.32153
       125.03189       490.11561
       123.99962       489.89228
       122.96419       489.68461
       121.92761       489.48238
       120.88813       489.29427
       119.85623       489.06828
       118.82629       488.83241
       117.78775       488.63885
       116.74877       488.44715
       115.71292       488.23973
       114.67818       488.02660
       113.64737       487.79403
       112.61321       487.57766
       111.57309       487.39005
       110.53990       487.16843
       109.50647       486.94777
       108.47414       486.72154
       107.43837       486.51172
       106.39729       486.32721
       105.36486       486.10075
       104.33611       485.85645
       103.29923       485.65093
       102.26329       485.44062
       101.22584       485.23717
       100.19522       485.00102
       99.161209       484.78073
       98.122263       484.58355
       97.085866       484.37399
       96.054397       484.14093
       95.022244       483.91088
       93.990761       483.67749
       92.954335       483.46701
       91.919110       483.25063
       90.885998       483.02413
       89.857069       482.77795
       88.817861       482.57929
       87.778518       482.38089
       86.745997       482.15062
       85.719604       481.89188
       84.685810       481.66707
       83.648272       481.45917
       82.612857       481.24122
       81.584968       480.98860
       80.552720       480.75570
       79.513982       480.55209
       78.477024       480.34004
       77.447426       480.09432
       76.416476       479.85453
       75.382539       479.62800
       74.345943       479.41316
       73.312990       479.18164
       72.282285       478.93979
       71.252625       478.69304
       70.210136       478.50337
       69.174815       478.28133
       68.147214       478.02467
       67.117929       477.77531
       66.082786       477.55170
       65.045244       477.33838
       64.013705       477.09824
       62.986280       476.83976
       61.954313       476.60106
       60.917483       476.38341
       59.885213       476.14549
       58.857667       475.88670
       57.825883       475.64618
       56.787979       475.43201
       55.753519       475.20254
       54.725074       474.94673
       53.692845       474.70707
       52.657995       474.47845
       51.621044       474.25855
       50.595044       473.99129
       49.567153       473.73197
       48.532119       473.50300
       47.497651       473.27129
       46.466544       473.02497
       45.434541       472.78219
       44.401479       472.54364
       43.366367       472.31348
       42.338535       472.05224
       41.313197       471.78027
       40.277061       471.55359
       39.239416       471.33291
       38.212377       471.06739
       37.183132       470.81091
       36.151306       470.56497
       35.117440       470.32726
       34.089585       470.06423
       33.059510       469.81021
       32.027609       469.56350
       30.990444       469.33828
       29.957669       469.09457
       28.929609       468.83115
       27.897891       468.58254
       26.863976       468.34266
       25.834255       468.08529
       24.811687       467.79842
       23.775391       467.56743
       22.739424       467.33474
       21.712947       467.06311
       20.684507       466.79925
       19.649683       466.56100
       18.615832       466.31848
       17.587775       466.05227
       16.559193       465.78793
       15.524899       465.54630
       14.491593       465.30038
       13.465386       465.02571
       12.440106       464.74712
       11.406631       464.50103
       10.374956       464.24745
       9.3467432       463.97981
       8.3167980       463.71879
       7.2848311       463.46551
       6.2516539       463.21670
       5.2255957       462.93949
       4.1981295       462.66760
       3.1641952       462.42090
