
   RA (deg)    DE (deg) U2mag eRA eDE     epRA     epDC    pm RA pmRAcD   pmDE epmR epmD UCAC2 ID
 82.3944742  15.7027875 15.00  33  33 2000.663 2000.663      0.9    0.9   -8.2  6.3  6.3 37314821
 82.3996586  15.9006322 15.95 109  33 1994.669 2000.663      2.7    2.6    0.0  7.3  6.3 37314822
 82.3997094  15.8667028 15.76  36  42 2000.522 2000.202     13.7   13.2    1.8  6.3  6.4 37314823
 82.4023422  15.7532811 15.36  33  65 2000.663 1998.507      6.8    6.5   -1.7  6.3  6.6 37314824
 82.4042272  15.6571725 13.22  33  43 2000.663 2000.149     15.2   14.6    8.8  6.3  6.4 37314825
 82.4052453  15.7580392 14.64  44  35 2000.094 2000.560      4.7    4.5   -9.7  6.4  6.3 37314826
 82.4057758  15.8894386 15.03 219  98 1986.587 1995.704      8.0    7.7   -8.0  9.9  7.1 37314827
 82.4063325  15.8853578 13.45  33  34 2000.663 2000.631     -2.6   -2.5   -6.5  6.3  6.3 37314828
 82.4088647  15.5550189 13.62  35  43 2000.560 2000.149      8.1    7.8   -1.0  6.3  6.4 37314830
 82.4091236  15.7374014 12.46  33  33 2000.663 2000.663      2.9    2.8  -16.3  6.3  6.3 37314831
 82.4093089  15.7027256 13.17  34  35 2000.631 2000.560     -1.2   -1.2  -14.1  6.3  6.3 37314832
 82.4093597  15.8029997 14.82  33  47 2000.663 1999.858      2.7    2.6   -4.9  6.3  6.4 37314833
 82.4108856  15.8241772 16.13  68 110 1998.244 1994.566      7.5    7.2  -12.0  6.6  7.3 37314834
 82.4116467  15.8719403 15.37  44  43 2000.038 2000.149      7.8    7.5   -3.6  6.4  6.4 37314835
 82.4123294  15.6393242 14.91  35  85 2000.560 1996.821      6.6    6.4   -6.4  6.3  6.9 37314836
 82.4143133  15.7046361 14.25  33  44 2000.663 2000.038      7.2    6.9   -6.8  6.3  6.4 37314837
 82.4174397  15.9040192 14.75  57  33 1999.160 2000.663      8.0    7.7   -8.4  6.5  6.3 37314838
 82.4187400  15.7099153 14.51  51  37 1999.597 2000.482      0.0    0.0   -8.4  6.4  6.3 37314840
 82.4192556  15.6919872 13.71  33  33 2000.663 2000.663      2.7    2.6  -14.0  6.3  6.3 37314841
 82.4213283  15.7944775 13.49  43  44 2000.149 2000.094      3.5    3.4   -5.0  6.4  6.4 37314842
 82.4255789  15.8672383 15.08  51  33 1999.597 2000.663      5.7    5.5   -9.1  6.4  6.3 37314843
 82.4277089  15.6970756 11.15  16  17 1999.116 1999.379     -3.3   -3.2   -5.7  1.4  1.4 37314845
 82.4297339  15.9221336 15.63  56  81 1999.236 1997.215      5.9    5.7   -9.7  6.5  6.8 37314847
 82.4299386  15.9980519 13.71  33  34 2000.663 2000.631      5.1    4.9   -1.3  6.3  6.3 37314848
 82.4301044  15.5500008 14.41  33  33 2000.663 2000.663      9.6    9.2   -9.9  6.3  6.3 37314849
 82.4356433  15.7609856 14.63  43  62 2000.149 1998.761      0.3    0.3  -15.2  6.4  6.6 37314850
 82.4369597  15.6987708 16.35  60  41 1998.924 2000.253      3.3    3.2    3.5  6.5  6.4 37314851
 82.4370422  15.8552622 13.67  33  37 2000.663 2000.440      5.7    5.5  -12.7  6.3  6.3 37314852
 82.4392047  15.8455514 15.25  49  68 1999.731 1998.244      1.0    1.0   -9.6  6.4  6.6 37314853
 82.4407967  15.6987061 16.13  33  50 2000.663 1999.664      0.9    0.9  -12.5  6.3  6.4 37314854
 82.4427744  15.6597739 10.33  17  23 1997.714 1995.370     -1.8   -1.7  -12.0  1.4  1.3 37314855
 82.4433967  15.8528244 15.89  49  55 1999.731 1999.311      9.2    8.9  -15.8  6.4  6.5 37314857
 82.4459731  15.6495061 14.76  33  47 2000.663 1999.858      0.8    0.8  -15.9  6.3  6.4 37314858
 82.4472731  15.6605908 14.71  35  35 2000.682 2000.682      6.9    6.6  -13.4  6.8  6.8 37314859
 82.4518211  15.5888528 14.71  33  58 2000.663 1999.083     -0.8   -0.8  -12.6  6.3  6.5 37314860
 82.4588500  15.8303283 13.08  33  33 2000.663 2000.663      4.1    3.9  -10.0  6.3  6.3 37314861
 82.4599031  15.9375950 15.64  33  65 2000.663 1998.593      3.5    3.4   -4.3  6.3  6.6 37314862
 82.4685783  15.9649186 15.31  40 106 2000.303 1994.876      8.7    8.4   -9.8  6.3  7.2 37314863
 82.4698269  15.9904744 13.50  35  39 2000.560 2000.350      0.5    0.5   -7.9  6.3  6.3 37314864
 82.4710936  15.8461569 15.89  52  65 1999.528 1998.593     -3.0   -2.9    0.9  6.5  6.6 37314865
 82.4713156  15.7352367 15.13  33  88 2000.663 1996.520     -4.7   -4.5  -16.8  6.3  6.9 37314866
 82.4725353  15.8910408 15.92  68  37 1998.244 2000.482     -0.8   -0.8   -6.0  6.6  6.3 37314867
 82.4742400  15.9126697 14.27  36  33 2000.522 2000.663      7.1    6.8   -8.3  6.3  6.3 37314868
 82.4757100  15.6885381 13.70  33  33 2000.663 2000.663      3.9    3.8   -8.7  6.3  6.3 37314869
 82.4771153  15.5694569 15.53  33  42 2000.663 2000.202      4.2    4.0  -11.6  6.3  6.4 37314870
 82.4779511  15.9471761 13.55  33  37 2000.663 2000.482      3.3    3.2  -10.2  6.3  6.3 37314871
 82.4786978  15.8278817 11.86  33  33 2000.663 2000.663      3.3    3.2  -15.2  6.3  6.3 37314872
 82.4815328  15.8923108 11.33  33  36 2000.663 2000.522     -0.8   -0.8   -6.1  6.3  6.3 37314873
 82.4859508  15.8862381 15.66  37 115 2000.482 1994.152      4.2    4.0   -9.6  6.3  7.4 37314874
 82.4871147  15.8116381 15.29  64  33 1998.677 2000.663      6.1    5.9  -17.3  6.6  6.3 37314875
 82.4894672  15.7858356 13.33  34  33 2000.631 2000.663      3.3    3.2  -10.1  6.3  6.3 37314876
 82.4928914  15.9143989 15.66  77 101 1997.599 1995.394     10.4   10.0   -3.4  6.8  7.1 37314877
 82.4946742  15.6475264 14.49  57  35 1999.160 2000.560      1.5    1.4  -10.2  6.5  6.3 37314878
 82.4953100  15.6741208 14.08  33  33 2000.663 2000.663      8.5    8.2   -8.8  6.3  6.3 37314879
 82.4965697  15.9190036 12.38  33  34 2000.663 2000.631     -6.0   -5.8   -8.1  6.3  6.3 37314880
 82.4996219  15.8239711 10.43  16  17 1996.388 1997.101      1.0    1.0   -6.9  1.2  1.3 37314881
 82.5010989  15.9627561 14.83 146  54 1991.467 1999.385      7.1    6.8   -7.9  8.1  6.5 37314882
 82.5040967  15.8340194 15.85  62  33 1998.761 2000.663     -1.4   -1.3  -11.6  6.6  6.3 37314883
 82.5053197  15.9271192 15.01  97  47 1995.807 1999.858      4.2    4.0   -6.6  7.1  6.4 37314884
 82.5058278  15.6973392 14.66  36  38 2000.522 2000.396      3.3    3.2  -12.9  6.3  6.3 37314885
 82.5093408  15.9360047 14.59  42  44 2000.202 2000.038     12.9   12.4  -35.7  6.4  6.4 37314886
 82.5111767  15.5495219 14.05  37  33 2000.482 2000.663      1.9    1.8  -14.9  6.3  6.3 37314887
 82.5161075  15.9820047 13.81  45  50 1999.980 1999.664     -5.1   -4.9   -1.2  6.4  6.4 37314888
 82.5202986  15.8469928 14.34  37  37 2000.440 2000.482     -2.3   -2.2  -13.1  6.3  6.3 37314889
 82.5243906  15.9949481 13.83  33  39 2000.663 2000.350      0.8    0.8   -2.0  6.3  6.3 37314890
 82.5254197  15.6508325 16.37  65  45 1998.507 1999.980      9.9    9.5    0.6  6.6  6.4 37314891
 82.5258664  15.7571394 14.71  33  55 2000.663 1999.311      6.8    6.5   -1.9  6.3  6.5 37314892
 82.5273464  15.5797153 14.73  38  33 2000.396 2000.663      6.1    5.9  -10.6  6.3  6.3 37314893
 82.5294725  15.9171078 15.88 116  55 1994.049 1999.311      5.9    5.7   -0.4  7.4  6.5 37314895
 82.5320958  15.6149350 15.62  45  44 1999.980 2000.094      5.7    5.5   -5.9  6.4  6.4 37314896
 82.5338053  15.9664425 15.70  78  71 1997.408 1998.064      7.5    7.2  -11.2  6.8  6.7 37314897
 82.5346181  15.7785375 12.60  33  33 2000.663 2000.663    -10.1   -9.7  -12.0  6.3  6.3 37314898
 82.5357775  15.8860358 15.33  37  95 2000.440 1995.909      4.4    4.2   -2.6  6.3  7.0 37314899
 82.5374839  15.9871225 16.16  50  37 1999.664 2000.482      5.1    4.9   -8.5  6.4  6.3 37314900
 82.5375611  15.9026258 14.92  67  80 1998.333 1997.312      7.7    7.4  -28.4  6.6  6.8 37314901
 82.5388614  15.9752961 15.38  65  73 1998.593 1997.881     16.5   15.9    3.3  6.6  6.7 37314902
 82.5388519  15.8475994 12.86  34  33 2000.597 2000.663      5.7    5.5  -11.7  6.3  6.3 37314903
 82.5400492  15.9420828 15.21  35  40 2000.560 2000.303      4.4    4.2   -3.3  6.3  6.3 37314904
 82.5426333  15.9997772 16.18  67  78 1998.333 1997.408      6.1    5.9   -7.5  6.6  6.8 37314905
 82.5450428  15.9598039 15.87  33  59 2000.663 1999.004      4.2    4.0   -7.6  6.3  6.5 37314906
 82.5457208  15.5654064 12.77  33  33 2000.663 2000.663     -1.9   -1.8   -4.4  6.3  6.3 37314907
 82.5468681  15.9531808 15.95  33 139 2000.663 1992.041      7.2    6.9  -16.6  6.3  7.9 37314908
 82.5472583  15.9959414 14.15  39  33 2000.350 2000.663      5.6    5.4  -12.8  6.3  6.3 37314909
 82.5528325  15.9084497 16.50  44  36 2000.038 2000.522     -2.6   -2.5  -13.6  6.4  6.3 37314910
 82.5599494  15.9268478 14.18  34  33 2000.597 2000.663     -0.2   -0.2   -8.0  6.3  6.3 37314912
 82.5622744  15.9303667 16.49  34  53 2000.631 1999.457     15.5   14.9   -5.8  6.3  6.5 37314913
 82.5632475  15.8718739 15.33  61  55 1998.843 1999.311      3.8    3.7   -7.3  6.6  6.5 37314914
 82.5650128  15.7302306 16.38 124  64 1993.334 1998.677      5.3    5.1   -5.4  7.6  6.6 37314915
 82.5669489  15.6329472 13.26  33  33 2000.663 2000.663     17.4   16.8  -10.8  6.3  6.3 37314916
 82.5692219  15.8972858 15.58  33  94 2000.663 1996.012      0.9    0.9  -12.5  6.3  7.0 37314917
 82.5708122  15.9295842 16.21  55  50 1999.311 1999.664     -5.1   -4.9  -14.2  6.5  6.4 37314918
 82.5735714  15.7353383 12.68  33  33 2000.663 2000.663     -2.1   -2.0   -8.8  6.3  6.3 37314920
 82.5767314  15.9926036 15.96  43  33 2000.149 2000.663      2.4    2.3  -12.3  6.4  6.3 37314921
 82.5771100  15.5609458 14.21  34  33 2000.631 2000.663      2.6    2.5   -7.6  6.3  6.3 37314922
 82.5806478  15.9261742 15.72  45  38 1999.980 2000.396     -1.2   -1.2   -1.8  6.4  6.3 37314923
 82.5817083  15.8709867 15.34 129  90 1992.930 1996.419     -6.5   -6.3  -12.5  7.7  7.0 37314924
 82.5817739  15.8073314 10.67  21  21 1999.264 1999.781     18.5   17.8  -41.8  2.6  2.8 37314925
 82.5866947  15.5692253 14.68  33  33 2000.663 2000.663      2.7    2.6   -5.5  6.3  6.3 37314926
 82.5894661  15.9489089 14.81  33  46 2000.663 1999.920     29.9   28.7   -2.7  6.3  6.4 37314927
 82.5931439  15.5652475 16.27  51  38 1999.597 2000.396     16.5   15.9   -6.6  6.4  6.3 37314928
 82.5951833  15.5556286 14.62  47  33 1999.858 2000.663      8.4    8.1   -4.5  6.4  6.3 37314929
 82.5971514  15.6069369 14.94  33  33 2000.663 2000.663     10.4   10.0  -10.3  6.3  6.3 37314930
 82.5973792  15.9704800 13.87  33  33 2000.663 2000.663     -2.9   -2.8  -13.2  6.3  6.3 37314931
 82.6003817  15.7892792 15.03  33  62 2000.663 1998.761      2.9    2.8   -3.2  6.3  6.6 37314932
 82.6042908  15.9985853 16.14  71 115 1998.064 1994.152      8.7    8.4   -9.2  6.7  7.4 37314933
 82.6055933  15.8803175 13.46  33  41 2000.663 2000.253      3.9    3.8   -5.5  6.3  6.4 37314934
 82.6071708  15.5870769 15.75  82 185 1997.019 1988.620     19.1   18.4  -22.7  6.8  9.0 37314935
 82.6075381  15.9900781 14.14  33  36 2000.663 2000.522      5.7    5.5   -5.7  6.3  6.3 37314936
 82.6094069  15.7838258 13.58  34  33 2000.631 2000.663      2.9    2.8  -14.5  6.3  6.3 37314937
 82.6115722  15.8161808 15.19  40  51 2000.303 1999.597      0.9    0.9  -12.9  6.3  6.4 37314938
 82.6117308  15.5721769 14.97  33  33 2000.663 2000.663      5.0    4.8   -3.3  6.3  6.3 37314939
 82.6131608  15.9834572 15.59  33  55 2000.663 1999.311     -2.3   -2.2    1.5  6.3  6.5 37314940
 82.6179589  15.8862681 15.74  98  33 1995.704 2000.663      0.0    0.0   -6.4  7.1  6.3 37314941
 82.6204500  15.8666264 15.05  61  49 1998.843 1999.731      7.7    7.4   -6.0  6.6  6.4 37314942
 82.6208911  15.5688222 15.27  33  33 2000.663 2000.663     -8.9   -8.6   -5.5  6.3  6.3 37314943
 82.6217158  15.5496181 16.38  61  33 1998.843 2000.663      5.3    5.1   -4.7  6.6  6.3 37314944
 82.6227122  15.7351864 13.87  36  33 2000.522 2000.663    -28.4  -27.3    2.7  6.3  6.3 37314945
 82.6240878  15.8563947 16.48  50  33 1999.664 2000.663      3.9    3.8   -6.4  6.4  6.3 37314947
 82.6264261  15.9607858 14.43  68  41 1998.244 2000.253     17.3   16.6  -17.0  6.6  6.4 37314948
 82.6282297  15.5772547 14.38  34  33 2000.597 2000.663    -36.6  -35.3   30.9  6.3  6.3 37314951
 82.6318667  15.8867217 16.29  94  33 1996.012 2000.663     -4.4   -4.2  -13.8  7.0  6.3 37314952
 82.6338875  15.7277406 14.10  34  33 2000.597 2000.663      0.5    0.5   -8.0  6.3  6.3 37314953
 82.6385133  15.9777389 15.93  81  56 1997.215 1999.236     13.4   12.9  -11.4  6.8  6.5 37314954
 82.6396311  15.7623972 14.87  46  46 1999.920 1999.920      3.2    3.1   -8.7  6.4  6.4 37314955
 82.6397736  15.9825919 15.42  33  48 2000.663 1999.795      5.7    5.5  -19.1  6.3  6.4 37314956
 82.6400717  15.6271336 14.74  35  35 2000.560 2000.560      5.1    4.9  -13.6  6.3  6.3 37314957
 82.6425678  15.9620181 15.00  33  66 2000.663 1998.420     12.0   11.5  -19.7  6.3  6.6 37314958
 82.6464925  15.5790517 15.77  54  51 1999.385 1999.597     11.9   11.5  -10.0  6.5  6.4 37314960
 82.6467067  15.5485411 16.48 170  33 1989.674 2000.663      3.2    3.1   -5.0  8.6  6.3 37314961
 82.6478156  15.8695936 15.52  34  45 2000.631 1999.980     10.7   10.3  -23.6  6.3  6.4 37314962
 82.6488056  15.9775789 15.24  48  65 1999.795 1998.593      0.9    0.9  -15.2  6.4  6.6 37314963
 82.6493319  15.9550447 14.17  33  40 2000.663 2000.303      4.2    4.0  -12.4  6.3  6.3 37314964
 82.6510267  15.9162994 14.03  33  36 2000.663 2000.522      3.2    3.1  -15.9  6.3  6.3 37314965
 82.6525472  15.8911683 15.96  34  80 2000.631 1997.312      8.0    7.7   -6.1  6.3  6.8 37314966
 82.6542736  15.7976947 15.65  44  66 2000.038 1998.420      6.1    5.9  -12.9  6.4  6.6 37314967
 82.6589669  15.6088008 14.84  33  37 2000.663 2000.482      9.2    8.9  -10.7  6.3  6.3 37314968
 82.6613397  15.8924753 16.22  56  33 1999.236 2000.663      2.1    2.0   -4.2  6.5  6.3 37314969
 82.6618064  15.9874283 15.69  36  46 2000.522 1999.920      1.8    1.7   -7.8  6.3  6.4 37314970
 82.6633625  15.8238858 15.65  33  39 2000.663 2000.350      6.1    5.9  -11.5  6.3  6.3 37314971
 82.6644772  15.6403731 12.84  33  33 2000.663 2000.663      2.4    2.3   -8.3  6.3  6.3 37314972
 82.6648250  15.9911314 16.16  33  33 2000.663 2000.663     -0.6   -0.6   -6.7  6.3  6.3 37314973
 82.6683000  15.9447986 15.12  33  55 2000.663 1999.311      2.7    2.6  -12.8  6.3  6.5 37314974
 82.6687819  15.9727525 13.36  33  33 2000.663 2000.663      6.5    6.2  -17.1  6.3  6.3 37314975
 82.6693214  15.9069642 16.03  33 193 2000.663 1988.090      8.5    8.2   -8.1  6.3  9.2 37314976
 82.6707081  15.7270497 14.34  34  33 2000.631 2000.663     11.9   11.5  -13.2  6.3  6.3 37314978
 82.6730694  15.9688903 16.32  41  44 2000.253 2000.038      3.9    3.7  -11.0  6.4  6.4 37314979
 82.6736028  15.6758672 16.06  68  33 1998.244 2000.663      5.9    5.7  -17.8  6.6  6.3 37314980
 82.6796122  15.6710147 13.33  45  43 2000.158 2000.304    -42.5  -40.9  -10.1  6.9  6.9 37314981
 82.6817219  15.8633411 14.54  33  33 2000.663 2000.663      1.2    1.2   -8.8  6.3  6.3 37314982
 82.6825992  15.9378169 14.66  33  33 2000.663 2000.663      7.2    6.9   -9.7  6.3  6.3 37314983
 82.6849717  15.6438139 12.37  33  33 2000.663 2000.663     -5.4   -5.2   -8.8  6.3  6.3 37314984
 82.6865739  15.6029819 14.21  53  37 1999.457 2000.440     16.1   15.5    3.0  6.5  6.3 37314985
 82.6873392  15.8796533 15.43  33  33 2000.663 2000.663     10.5   10.1  -10.4  6.3  6.3 37314986
 82.6944981  15.8544072 14.10  33  39 2000.663 2000.350     11.7   11.3  -12.7  6.3  6.3 37314988
 82.6975678  15.9956572 14.19  37  49 2000.482 1999.731      6.0    5.8  -15.4  6.3  6.4 37314989
 82.7035825  15.6347286 14.22  33  33 2000.663 2000.663     20.7   19.9    8.3  6.3  6.3 37314990
 82.7045397  15.6052144 15.81  37  33 2000.440 2000.663      4.2    4.0  -11.3  6.3  6.3 37314991
 82.7075592  15.6798647 15.93  42 121 2000.202 1993.639      9.0    8.7   -5.2  6.4  7.5 37314992
 82.7153225  15.9365492 15.90 110  42 1994.566 2000.202     -6.6   -6.3   -8.7  7.3  6.4 37314994
 82.7167283  15.8872475 16.11 104  77 1995.084 1997.599      8.5    8.2   -8.1  7.2  6.8 37314995
 82.7177742  15.9064889 13.37  34  36 2000.597 2000.522      6.6    6.3  -12.2  6.3  6.3 37314996
 82.7316539  15.8021408 14.14  33  33 2000.663 2000.663     -3.0   -2.9   -6.9  6.3  6.3 37314997
 82.7346394  15.6351106 11.86  33  33 2000.663 2000.663      4.7    4.5   -9.9  6.3  6.3 37314998
 82.7390714  15.7158031 14.63  33  34 2000.663 2000.597     -1.8   -1.7   -9.8  6.3  6.3 37314999
 82.7395197  15.8078158 14.87  66  33 1998.420 2000.663      4.2    4.0   -1.4  6.6  6.3 37315000
 82.7399433  15.8486689 15.40  33  33 2000.663 2000.663      1.4    1.3   -4.8  6.3  6.3 37315001
 82.7399622  15.6172608 16.15  33  33 2000.663 2000.663      0.3    0.3  -15.6  6.3  6.3 37315002
 82.7431306  15.7117400 15.28  33  38 2000.663 2000.396      8.9    8.6  -11.7  6.3  6.3 37315003
 82.7432131  15.8158581 14.12  37  53 2000.482 1999.457     -3.3   -3.2  -17.0  6.3  6.5 37315004
 82.7444111  15.5692903 15.50  44  44 2000.038 2000.038      1.9    1.8   -6.7  6.4  6.4 37315005
 82.7465500  15.9116092 14.54  35  50 2000.560 1999.664      5.3    5.1   -6.8  6.3  6.4 37315006
 82.7513606  15.8411569 15.48  33  53 2000.663 1999.457     -1.9   -1.8   -9.9  6.3  6.5 37315007
 82.7526086  15.7036792 14.54  33  33 2000.663 2000.663      5.1    4.9   -7.2  6.3  6.3 37315008
 82.7543261  15.7637953 15.66  38  68 2000.396 1998.244      3.6    3.5   -1.2  6.3  6.6 37315009
 82.7556053  15.9554125 12.64  33  41 2000.663 2000.253     -0.3   -0.3   -9.5  6.3  6.4 37315010
 82.7556342  15.7547419 16.25  58 109 1999.083 1994.669     13.5   13.0  -25.3  6.5  7.3 37315011
 82.7558456  15.9746019 16.19  95  44 1995.909 2000.038      1.4    1.3   -9.4  7.0  6.4 37315012
 82.7615247  15.6892675 15.66  40  61 2000.303 1998.843      6.0    5.8   -6.6  6.3  6.6 37315013
 82.7644044  15.6640550 16.07 108  33 1994.773 2000.663     10.2    9.8  -12.1  7.3  6.3 37315014
 82.7696264  15.7610469 14.22  42  33 2000.202 2000.663      4.1    3.9   -5.2  6.4  6.3 37315015
 82.7712647  15.7448011 15.69  60  65 1998.924 1998.593     11.9   11.5  -16.8  6.5  6.6 37315017
 82.7722092  15.6585508 14.11  37  33 2000.482 2000.663      1.9    1.8  -11.3  6.3  6.3 37315018
 82.7732536  15.8261633 14.93  44  33 2000.038 2000.663     -9.3   -8.9  -14.8  6.4  6.3 37315019
 82.7736944  15.5495822 16.18  38  56 2000.396 1999.236      3.8    3.7   -9.4  6.3  6.5 37315020
 82.7739467  15.8057658 13.00  33  33 2000.663 2000.663      1.9    1.8   -8.4  6.3  6.3 37315021
 82.7788383  15.6998003 15.30  57  33 1999.160 2000.663     12.6   12.1   -0.9  6.5  6.3 37315022
 82.7788450  15.8946817 15.70  73  36 1997.881 2000.522     11.9   11.4   -7.5  6.7  6.3 37315023
 82.7795367  15.9627156 15.84  34  78 2000.631 1997.408      7.7    7.4   -9.8  6.3  6.8 37315024
 82.7839233  15.9475231 15.19  80 167 1997.312 1989.845      7.4    7.1   -7.2  6.8  8.5 37315025
 82.7875239  15.6628197 14.75  58  73 1999.083 1997.881    -27.0  -26.0   -8.2  6.5  6.7 37315026
 82.7905303  15.8059953 14.69  40  48 2000.303 1999.795      2.1    2.0   -2.3  6.3  6.4 37315027
 82.7910717  15.9034317 13.39  34  38 2000.597 2000.396      5.6    5.4   -8.9  6.3  6.3 37315028
 82.8001817  15.6914294 15.27  33  33 2000.663 2000.663      4.2    4.0  -11.3  6.3  6.3 37315029
 82.8028889  15.8585403 13.65  47  34 1999.858 2000.597      5.3    5.1   -8.1  6.4  6.3 37315031
 82.8073381  15.7729039  8.70  14  17 1991.287 1991.240    -45.9  -44.2 -371.8  1.0  1.2 37315032
 82.8096211  15.9005022 15.55  33  33 2000.663 2000.663     13.4   12.9   -5.2  6.3  6.3 37315033
 82.8119700  15.7163642 14.78  36  51 2000.522 1999.597      9.3    9.0   -5.1  6.3  6.4 37315034
 82.8121483  15.7642997 14.16  33  33 2000.663 2000.663     -0.9   -0.9  -10.5  6.3  6.3 37315035
 82.8134208  15.8836769 15.73 126  33 1993.131 2000.663      2.7    2.6   -8.4  7.6  6.3 37315036
 82.8167400  15.6196278 16.00  98  33 1995.704 2000.663     12.6   12.1   -9.4  7.1  6.3 37315037
 82.8170728  15.8236628 16.28  65  33 1998.593 2000.663     15.6   15.0  -19.2  6.6  6.3 37315038
 82.8184281  15.6311339 13.64  33  33 2000.663 2000.663      7.8    7.5  -33.6  6.3  6.3 37315040
 82.8204083  15.8546253 13.19  36  36 2000.522 2000.522     12.3   11.8  -16.4  6.3  6.3 37315041
 82.8241461  15.6075689 16.28  33  55 2000.663 1999.311      7.4    7.1   -4.5  6.3  6.5 37315042
 82.8261553  15.7428056 14.92  37  33 2000.482 2000.663     12.0   11.5  -17.0  6.3  6.3 37315043
 82.8390503  15.6741503 11.95  33  33 2000.663 2000.663      4.7    4.5   -8.9  6.3  6.3 37315044
 82.8394967  15.7239117 15.89  73  73 1997.881 1997.881      5.1    4.9  -12.4  6.7  6.7 37315045
 82.8406211  15.6780864 14.55  37  33 2000.482 2000.663      6.8    6.5  -12.2  6.3  6.3 37315046
 82.8444325  15.8743767 14.32  57  33 1999.160 2000.663      2.3    2.2  -13.0  6.5  6.3 37315048
 82.8476817  15.7473289 15.12  46  34 1999.920 2000.631      1.9    1.8  -26.4  6.4  6.3 37315049
 82.8487769  15.5927797 16.02  33  49 2000.663 1999.731     -0.2   -0.2   -9.4  6.3  6.4 37315050
 82.8489889  15.6018775 15.44  82  48 1997.117 1999.795     -2.7   -2.6   -6.8  6.8  6.4 37315051
 82.8523869  15.6122819 14.64  41  36 2000.253 2000.522      3.8    3.7   -8.9  6.4  6.3 37315052
 82.8563728  15.6172461 16.36  57  80 1999.160 1997.312     12.6   12.1   -6.4  6.5  6.8 37315053
 82.8563789  15.7037881 14.56  33  65 2000.663 1998.507      5.6    5.4   -8.9  6.3  6.6 37315054
 82.8565606  15.8825825 15.54  44  37 2000.094 2000.482      7.4    7.1   -3.4  6.4  6.3 37315055
 82.8572039  15.9926842 14.61  33  34 2000.663 2000.597      8.9    8.6   -4.9  6.3  6.3 37315056
 82.8685800  15.7766692 13.29  33  40 2000.663 2000.303      1.7    1.6   -3.7  6.3  6.3 37315057
 82.8730575  15.7090083 15.97  97  77 1995.807 1997.599      6.3    6.1   -5.5  7.1  6.8 37315058
 82.8734789  15.9690097 15.23  35 115 2000.560 1994.152      5.1    4.9  -15.7  6.3  7.4 37315059
 82.8740142  15.6486436 14.46  37  33 2000.482 2000.663      6.5    6.3  -12.1  6.3  6.3 37315060
 82.8776303  15.6540067 13.33  34  40 2000.597 2000.303     -0.8   -0.8  -14.8  6.3  6.3 37315062
 82.8799483  15.6281119 14.92  34  33 2000.631 2000.663     10.8   10.4  -11.1  6.3  6.3 37315063
 82.8817800  15.5756219 15.30  37  33 2000.482 2000.663     11.0   10.6  -16.0  6.3  6.3 37315064
 82.8821786  15.5481417 13.74  33  33 2000.663 2000.663      5.4    5.2   -7.6  6.3  6.3 37315065
 82.8863697  15.9154956 14.27  37  33 2000.482 2000.663      2.1    2.0  -18.4  6.3  6.3 37315066
 82.8873189  15.9419564 15.91 126  47 1993.131 1999.858     -0.3   -0.3  -16.0  7.6  6.4 37315067
 82.8876408  15.8494264 15.74  33  56 2000.663 1999.236     10.5   10.1  -11.2  6.3  6.5 37315068
 82.8904519  15.8422897 14.64  37  44 2000.440 2000.094      1.7    1.6   -7.4  6.3  6.4 37315069
 82.8941231  15.9186525 15.03  47  35 1999.858 2000.560      0.0    0.0   -4.7  6.4  6.3 37315070
 82.8964417  15.5862786 15.93  66  42 1998.420 2000.202     19.3   18.6  -18.1  6.6  6.4 37315071
 82.8974194  15.9328311 15.10  33  81 2000.663 1997.215      2.1    2.0   -9.2  6.3  6.8 37315072
 82.8976372  15.6769886 16.19  33  85 2000.663 1996.821     -0.5   -0.5  -12.5  6.3  6.9 37315073
 82.8988978  15.8467164 15.43  33  71 2000.663 1998.064     10.8   10.4  -10.8  6.3  6.7 37315074
 82.9004033  15.6430242 16.31  33  65 2000.663 1998.507      9.9    9.5   -9.8  6.3  6.6 37315075
 82.9032736  15.6716267 14.00  33  33 2000.663 2000.663      5.7    5.5  -10.3  6.3  6.3 37315076
 82.9087756  15.9632228 15.68  35  38 2000.560 2000.396      0.0    0.0  -10.8  6.3  6.3 37315077
 82.9093428  15.6869975 16.34 121  88 1993.639 1996.520     12.1   11.6  -11.8  7.5  6.9 37315078
 82.9144275  15.6689372 15.75  33  36 2000.663 2000.522      4.5    4.3  -12.2  6.3  6.3 37315079
 82.9168108  15.7029331 13.57  33  42 2000.663 2000.202     -0.5   -0.5  -11.2  6.3  6.4 37315081
 82.9249225  15.8969264 13.45  33  51 2000.663 1999.597      2.9    2.8   -5.1  6.3  6.4 37315083
 82.9253989  15.7031047 14.96  33  45 2000.663 1999.980      3.6    3.5  -14.9  6.3  6.4 37315084
 82.9269511  15.7865378 14.48  37  49 2000.482 1999.731      2.7    2.6  -14.0  6.3  6.4 37315085
 82.9276678  15.6643953 15.61  82  33 1997.019 2000.663      1.9    1.8  -19.2  6.8  6.3 37315086
 82.9286783  15.9738981 15.01  42  75 2000.350 1998.118    -51.2  -49.2  -59.2  6.9  7.3 37315087
 82.9290922  15.9839078 13.65  34  34 2000.597 2000.597      3.2    3.1  -16.0  6.3  6.3 37315088
 82.9312322  15.8995228 15.69  33 121 2000.663 1993.537      4.5    4.3   -6.3  6.3  7.5 37315089
 82.9353092  15.9908844 15.76  67  45 1998.333 1999.980     13.8   13.3  -16.8  6.6  6.4 37315090
 82.9361933  15.6722408 16.38  46  91 1999.920 1996.318     14.1   13.6  -14.4  6.4  7.0 37315091
 82.9383881  15.8431394 16.10  82  87 1997.117 1996.721      3.5    3.4  -12.4  6.8  6.9 37315093
 82.9384458  15.9245442 15.93  52  54 1999.528 1999.385      9.0    8.7  -20.5  6.5  6.5 37315094
 82.9391936  15.8073417 14.80  33  48 2000.663 1999.795      7.5    7.2   -9.2  6.3  6.4 37315095
 82.9393764  15.6121253 15.80  80  34 1997.312 2000.597      0.8    0.8  -12.8  6.8  6.3 37315096
 82.9419592  15.9587617 13.77  35  51 2000.560 1999.597     -5.6   -5.4  -10.9  6.3  6.4 37315097
 82.9430822  15.9857656 16.06  67  87 1998.333 1996.721     12.8   12.3  -12.6  6.6  6.9 37315098
 82.9433294  15.6821814 13.09  33  33 2000.663 2000.663     -5.6   -5.4   -6.5  6.3  6.3 37315099
 82.9508231  15.6842819 14.88  33  51 2000.663 1999.597      6.8    6.5   -7.0  6.3  6.4 37315101
 82.9535694  15.9186628 15.98  57  33 1999.160 2000.663     -4.2   -4.0   -4.1  6.5  6.3 37315103
 82.9541969  15.8363947 15.21  33  51 2000.663 1999.597     -1.4   -1.3   -1.9  6.3  6.4 37315104
 82.9547103  15.8286633 14.89  34  35 2000.597 2000.560     11.7   11.3  -32.2  6.3  6.3 37315105
 82.9554597  15.6245233 15.60  33  37 2000.663 2000.440      4.4    4.2   -3.9  6.3  6.3 37315106
 82.9568956  15.7805058 13.83  34  41 2000.597 2000.253     -0.5   -0.5   -8.6  6.3  6.4 37315107
 82.9596889  15.9606742 15.21  33  41 2000.663 2000.253     -1.2   -1.2  -12.0  6.3  6.4 37315108
 82.9616703  15.6661572 14.33  33  38 2000.663 2000.396     -1.7   -1.6  -13.1  6.3  6.3 37315109
 82.9632042  15.5821572 15.96  33  75 2000.663 1997.694      3.6    3.5  -10.5  6.3  6.7 37315110
 82.9633694  15.8865594 14.96  44  43 2000.038 2000.149      1.9    1.8  -17.6  6.4  6.4 37315111
 82.9635075  15.8643992 14.67  35  58 2000.560 1999.083      5.7    5.5  -13.6  6.3  6.5 37315112
 82.9645403  15.9463389 15.81  54  35 1999.385 2000.560      2.3    2.2  -12.0  6.5  6.3 37315113
 82.9649992  15.7351033 13.97  42  33 2000.202 2000.663      8.4    8.1  -15.5  6.4  6.3 37315114
 82.9656064  15.9249733 14.71  33  48 2000.663 1999.795     16.1   15.5  -20.4  6.3  6.4 37315115
 82.9659017  15.6305400 14.77  33  33 2000.663 2000.663      3.5    3.4   -2.6  6.3  6.3 37315116
 82.9675864  15.7435722 14.82  33  34 2000.663 2000.631     -1.2   -1.2   -8.1  6.3  6.3 37315117
 82.9697286  15.8017317 15.93  33  48 2000.663 1999.795      5.4    5.2   -4.2  6.3  6.4 37315118
 82.9716056  15.8655119 16.23  35  44 2000.560 2000.038     -9.9   -9.5    0.4  6.3  6.4 37315119
 82.9735319  15.8948339 15.27  84  39 1996.920 2000.350     13.4   12.9   -8.8  6.9  6.3 37315120
 82.9786742  15.6459528 15.67  57  54 1999.160 1999.385      9.0    8.7    7.6  6.5  6.5 37315121
 82.9787119  15.5655886 14.76  33  33 2000.663 2000.663      7.5    7.2   -5.4  6.3  6.3 37315122
 82.9787808  15.9910567 15.18  70  34 1998.154 2000.597     27.8   26.7  -48.6  6.7  6.3 37315123
 82.9789550  15.8769722 16.18  37 103 2000.482 1995.187      6.5    6.3   -4.1  6.3  7.2 37315124
 82.9805756  15.5490392 16.11 118  33 1993.844 2000.663      1.4    1.3   -5.0  7.5  6.3 37315125
 82.9821186  15.9769433 14.80  48  54 1999.795 1999.385    -14.4  -13.8  -28.6  6.4  6.5 37315127
 82.9857933  15.5863811 14.19  33  33 2000.663 2000.663      4.1    3.9  -10.4  6.3  6.3 37315128
 82.9864214  15.7967700 14.74  41  37 2000.253 2000.440      1.5    1.4   -5.2  6.4  6.3 37315129
 82.9913456  15.7614692 14.39  36  34 2000.522 2000.597      6.3    6.1  -12.5  6.3  6.3 37315130
 82.9914503  15.9617139 16.02  33  37 2000.663 2000.440     -2.6   -2.5  -16.0  6.3  6.3 37315131
 82.9919850  15.5780217 16.26  83  40 1997.504 2000.476     19.1   18.4  -11.1  7.4  6.9 37315132
 82.9945122  15.9587444 16.27  33  33 2000.663 2000.663      9.3    8.9  -11.7  6.3  6.3 37315135
 82.9959506  15.6889875 15.43  43  52 2000.149 1999.528      2.6    2.5   -9.2  6.4  6.5 37315136
 82.9966906  15.8284725 16.07  52  56 1999.528 1999.236     14.7   14.1  -15.6  6.5  6.5 37315137
 82.9973331  15.8855133 15.75  33  34 2000.663 2000.631     -2.4   -2.3  -11.7  6.3  6.3 37315138
 83.0016956  15.5604500 14.23  43  44 2000.149 2000.094      2.7    2.6  -10.1  6.4  6.4 37315139
 83.0033986  15.6133053 15.25  44  41 2000.038 2000.253      1.4    1.3  -11.6  6.4  6.4 37315140
 83.0056192  15.5750842 15.45  75  98 1997.694 1995.704    -17.3  -16.7  -16.0  6.7  7.1 37315141
 83.0060758  15.9232683 14.16  37  50 2000.482 1999.664     -4.8   -4.6  -15.8  6.3  6.4 37315142
 83.0117603  15.6651475 15.10  65  41 1998.593 2000.253      1.9    1.8   -7.9  6.6  6.4 37315145
 83.0148878  15.8561383 15.41  33  48 2000.663 1999.795      5.3    5.1  -14.6  6.3  6.4 37315146
 83.0148875  15.9293733 15.38  49  49 1999.731 1999.731     -6.9   -6.6  -12.7  6.4  6.4 37315147
 83.0158369  15.9201547 16.34  60  71 1998.924 1998.064      5.0    4.8  -11.0  6.5  6.7 37315148
 83.0166836  15.9856472 11.70  33  33 2000.663 2000.663     -5.7   -5.5  -21.3  6.3  6.3 37315149
 83.0194231  15.7689017 12.88  33  41 2000.663 2000.253     -1.2   -1.2  -21.4  6.3  6.4 37315150
 83.0216483  15.7420678 15.69  33  44 2000.663 2000.038      3.8    3.7  -16.8  6.3  6.4 37315151
 83.0234719  15.9269322 12.88  33  47 2000.663 1999.858      5.4    5.2  -23.0  6.3  6.4 37315152
 83.0246103  15.8699942 14.18  35  45 2000.560 1999.980     -4.2   -4.0   -8.5  6.3  6.4 37315153
 83.0262908  15.8233497 13.40  41  34 2000.253 2000.631     -0.3   -0.3   -6.1  6.4  6.3 37315154
 83.0269942  15.9507439 15.61  33  64 2000.663 1998.677      8.0    7.7  -10.7  6.3  6.6 37315155
 83.0271956  15.5523397 14.25  33  49 2000.663 1999.731     -5.3   -5.1   -1.2  6.3  6.4 37315156
 83.0324003  15.9568044 16.21  36 117 2000.522 1993.946     -1.8   -1.7  -11.8  6.3  7.4 37315157
 83.0330469  15.9363569 15.83  55  35 1999.311 2000.560      5.7    5.5  -18.6  6.5  6.3 37315158
 83.0336144  15.7198464 14.04  34  33 2000.597 2000.663     -9.6   -9.2   -2.3  6.3  6.3 37315159
 83.0361722  15.8736036 16.32  33  54 2000.663 1999.385     -1.5   -1.4  -18.2  6.3  6.5 37315160
 83.0366842  15.6254372 13.45  33  33 2000.663 2000.663      1.5    1.4  -12.1  6.3  6.3 37315161
 83.0372800  15.7800569 12.81  33  40 2000.663 2000.303      8.3    8.0   -7.8  6.3  6.3 37315162
 83.0392106  15.7288139 12.30  33  38 2000.663 2000.396      6.1    5.9   -8.1  6.3  6.3 37315163
 83.0398600  15.9000469 15.05 128  62 1993.030 1998.761      1.0    1.0    0.3  7.7  6.6 37315164
 83.0417914  15.9495911 15.85  33  33 2000.663 2000.663      8.1    7.8  -14.1  6.3  6.3 37315165
 83.0421758  15.5637325 14.59  35  33 2000.560 2000.663      5.3    5.1  -16.9  6.3  6.3 37315166
 83.0436992  15.8862986 10.55  26  35 1999.522 1999.475     -6.3   -6.1  -16.4  3.8  4.8 37315167
 83.0440336  15.7211156 12.74  33  39 2000.663 2000.350      4.2    4.0   -4.1  6.3  6.3 37315168
 83.0459483  15.9616503 15.63  33  75 2000.663 1997.694     -9.3   -8.9   -9.4  6.3  6.7 37315169
 83.0468119  15.6461953 15.83  51  38 1999.597 2000.396     14.1   13.6  -19.6  6.4  6.3 37315170
 83.0480164  15.6062903 14.85  35  36 2000.560 2000.522     11.1   10.7  -18.2  6.3  6.3 37315171
 83.0549050  15.6967722 14.75  39  61 2000.350 1998.843     -1.9   -1.8  -10.4  6.3  6.6 37315172
 83.0560542  15.6094928 14.41  38  33 2000.396 2000.663      3.9    3.8   -7.9  6.3  6.3 37315173
 83.0562281  15.5650697 13.42  33  33 2000.663 2000.663     -6.3   -6.1    4.2  6.3  6.3 37315174
 83.0571469  15.9936708 16.11  85  51 1996.821 1999.597     10.4   10.0  -19.6  6.9  6.4 37315175
 83.0576806  15.9484333 15.75  52  67 1999.528 1998.333      3.3    3.2   -9.2  6.5  6.6 37315176
 83.0654992  15.9059922 15.56  36  33 2000.522 2000.663      8.0    7.7  -17.6  6.3  6.3 37315177
 83.0705647  15.9618639 15.39  35  33 2000.560 2000.663     15.5   14.9  -11.7  6.3  6.3 37315179
 83.0713272  15.6268400 15.55  33  53 2000.663 1999.457      9.8    9.4  -11.5  6.3  6.5 37315180
 83.0718967  15.9302697 15.65  36  33 2000.522 2000.663      2.4    2.3  -19.1  6.3  6.3 37315181
 83.0738719  15.5538464 15.41  58  33 1999.083 2000.663      0.6    0.6   -4.7  6.5  6.3 37315182
 83.0750686  15.8348164 14.53  43  33 2000.149 2000.663      0.6    0.6  -17.4  6.4  6.3 37315184
 83.0779461  15.9603269 15.77  33  40 2000.663 2000.303      1.2    1.2   -4.0  6.3  6.3 37315185
 83.0828106  15.9708633 15.92  58  34 1999.083 2000.631      4.7    4.5  -12.0  6.5  6.3 37315186
 83.0838369  15.7138597 14.91  53  47 1999.457 1999.858     -2.1   -2.0   -9.2  6.5  6.4 37315187
 83.0877389  15.9913903 16.42  71 134 1998.064 1992.433     15.7   15.1  -17.5  6.7  7.8 37315189
 83.0887100  15.7627253 14.44  37  33 2000.482 2000.663      4.4    4.2  -18.7  6.3  6.3 37315190
 83.0890447  15.7022800 15.44  82  33 1997.019 2000.663     -3.9   -3.8   -2.1  6.8  6.3 37315191
 83.0929967  15.8728786 15.46  57  51 1999.160 1999.597      5.6    5.4  -17.2  6.5  6.4 37315192
 83.0935569  15.8308883 15.23  40  33 2000.303 2000.663      3.8    3.7  -10.0  6.3  6.3 37315193
 83.0943764  15.8188358 14.71  38  33 2000.396 2000.663      5.3    5.1  -25.9  6.3  6.3 37315194
 83.0944681  15.7030028 15.99  77  45 1997.599 1999.980      7.1    6.8  -10.7  6.8  6.4 37315195
 83.0944686  15.6009856 13.76  33  33 2000.663 2000.663     -2.6   -2.5   -6.5  6.3  6.3 37315196
 83.0959544  15.9489394 13.46  35  38 2000.682 2000.552     11.9   11.4    5.5  6.8  6.9 37315197
 83.0962608  15.8154925 14.05  33  34 2000.663 2000.631     -2.3   -2.2  -13.4  6.3  6.3 37315198
 83.0979500  15.9864244 15.38  41  48 2000.253 1999.795      5.0    4.8  -16.6  6.4  6.4 37315199
 83.1010969  15.9901419 12.32  33  33 2000.663 2000.663      3.3    3.2   -7.0  6.3  6.3 37315200
 83.1057056  15.6579339 15.53  33  75 2000.663 1997.694     -3.3   -3.2  -15.8  6.3  6.7 37315201
 83.1070497  15.8294625 16.03  98  87 1995.704 1996.621      5.9    5.7   -4.3  7.1  6.9 37315203
 83.1077658  15.6413656 13.34  33  33 2000.663 2000.663     -5.9   -5.7   -7.4  6.3  6.3 37315204
 83.1088825  15.6876056 16.16  46  74 1999.920 1997.788      3.6    3.5  -13.1  6.4  6.7 37315205
 83.1093869  15.8610786 16.11  48 115 1999.795 1994.152      5.3    5.1  -21.7  6.4  7.4 37315206
 83.1126647  15.5538669 15.37  42  33 2000.202 2000.663      7.4    7.1   -7.4  6.4  6.3 37315207
 83.1133606  15.5515561 15.59  37  40 2000.482 2000.303      5.7    5.5  -11.9  6.3  6.3 37315208
 83.1148742  15.6702936 14.45  33  54 2000.663 1999.385      3.8    3.7   -9.8  6.3  6.5 37315209
 83.1158806  15.6531511 16.23  82  75 1997.019 1997.694     10.5   10.1   -5.9  6.8  6.7 37315210
 83.1168556  15.8454242 13.33  33  44 2000.663 2000.038      7.2    6.9  -23.3  6.3  6.4 37315211
 83.1168844  15.7943128 12.97  33  45 2000.663 1999.980     -2.6   -2.5   -5.9  6.3  6.4 37315212
 83.1174425  15.5519353 15.17  33  33 2000.663 2000.663      1.9    1.8  -10.6  6.3  6.3 37315213
 83.1201372  15.8270858 16.13 126  33 1993.131 2000.663      9.8    9.4   -7.6  7.6  6.3 37315214
 82.3945611  16.1835667 14.99  51 131 1999.597 1992.730    -15.0  -14.4    0.1  6.4  7.7 37493359
 82.3967167  16.2282208 13.47  43  38 2000.149 2000.396     11.9   11.4  -13.5  6.4  6.3 37493361
 82.3984181  16.0235158 16.33 134 132 1992.531 1992.631      5.1    4.9  -12.4  7.8  7.7 37493363
 82.3999136  16.1500864 16.12 125 101 1993.232 1995.394      6.9    6.6  -14.3  7.6  7.1 37493364
 82.4008664  16.0571389 15.43  33  44 2000.663 2000.094      2.6    2.5  -13.3  6.3  6.4 37493366
 82.4021739  16.1536781 12.89  33  37 2000.663 2000.440      1.2    1.2   -5.2  6.3  6.3 37493367
 82.4083558  16.0613697 12.18  33  33 2000.663 2000.663     -3.8   -3.7   -7.5  6.3  6.3 37493369
 82.4115525  16.2249872 14.63  33  44 2000.663 2000.094     -4.5   -4.3  -14.6  6.3  6.4 37493373
 82.4124942  16.1759642 15.43  37  33 2000.482 2000.663      6.5    6.2  -12.8  6.3  6.3 37493374
 82.4173203  16.1638700 13.37  39  38 2000.350 2000.396      5.3    5.1   -7.3  6.3  6.3 37493378
 82.4185144  16.0248136 15.70  33  51 2000.663 1999.597      6.3    6.1  -10.5  6.3  6.4 37493379
 82.4195744  16.0137381 15.56  35  64 2000.560 1998.677     12.1   11.6   -8.4  6.3  6.6 37493380
 82.4256089  16.0015800 15.54  53 104 1999.457 1995.084      2.4    2.3  -19.3  6.5  7.2 37493387
 82.4278689  16.2055561 15.23  33  37 2000.663 2000.440     10.4   10.0   -9.5  6.3  6.3 37493388
 82.4315575  16.1655919 15.90  33  33 2000.663 2000.663     10.7   10.3  -12.0  6.3  6.3 37493392
 82.4322781  16.0756822 15.19  37  36 2000.482 2000.522     11.4   11.0   -7.4  6.3  6.3 37493393
 82.4359039  16.1580550 16.11  58  45 1999.083 1999.980      8.1    7.8  -20.2  6.5  6.4 37493394
 82.4359744  16.1476981 14.10  37  40 2000.482 2000.303     -0.2   -0.2  -28.1  6.3  6.3 37493396
 82.4371022  16.0053314 15.79  62  71 1998.761 1998.064      7.8    7.5  -11.5  6.6  6.7 37493397
 82.4398967  16.2216614 15.07  33  59 2000.663 1999.004     -0.6   -0.6   -5.0  6.3  6.5 37493400
 82.4407167  16.1344744 15.56  39  72 2000.350 1997.973      4.4    4.2  -10.9  6.3  6.7 37493401
 82.4467031  16.0144231 15.83  74  37 1997.788 2000.440     -0.2   -0.2   -8.7  6.7  6.3 37493405
 82.4471956  16.0965281 16.13  34  90 2000.631 1996.419     18.3   17.6  -10.6  6.3  7.0 37493406
 82.4485439  16.0030081 15.80  33  70 2000.663 1998.154      8.9    8.6  -15.9  6.3  6.7 37493408
 82.4543222  16.1741642 15.48 103  49 1995.291 1999.731      9.8    9.4  -13.7  7.2  6.4 37493412
 82.4571344  16.1440019 14.46  33  49 2000.663 1999.731     11.0   10.6   -6.8  6.3  6.4 37493415
 82.4579442  16.1957942 14.87  33  66 2000.663 1998.420      2.7    2.6   -8.0  6.3  6.6 37493417
 82.4591533  16.1242536 15.06  72  44 1997.973 2000.038     11.5   11.0  -16.5  6.7  6.4 37493418
 82.4610208  16.0277358 13.31  38  39 2000.396 2000.350     -1.9   -1.8   -2.6  6.3  6.3 37493419
 82.4637822  16.0034231 14.68  52  53 1999.528 1999.457      6.3    6.1  -14.2  6.5  6.5 37493421
 82.4657592  16.2165025 16.56  78  82 1997.504 1997.019     -5.0   -4.8  -11.1  6.8  6.8 37493422
 82.4677269  16.0951625 16.00  33  81 2000.663 1997.215      4.7    4.5    0.1  6.3  6.8 37493424
 82.4729047  16.1131439 15.31  33  50 2000.663 1999.664     32.4   31.1  -28.2  6.3  6.4 37493429
 82.4735844  16.1320347 14.27  34  42 2000.631 2000.202     -0.3   -0.3   -8.3  6.3  6.4 37493430
 82.4775456  16.0270928 14.73  33  43 2000.663 2000.149     -0.6   -0.6  -19.8  6.3  6.4 37493432
 82.4834922  16.1186881 14.83  33  36 2000.663 2000.522      3.0    2.9   -7.1  6.3  6.3 37493434
 82.4840119  16.0593681 15.76  64  35 1998.677 2000.560      5.6    5.4  -11.7  6.6  6.3 37493435
 82.4868761  16.2015764 14.01  39  42 2000.350 2000.202     -6.9   -6.6   -2.6  6.3  6.4 37493436
 82.4898733  16.0785653 16.03  78  88 1997.859 1997.049    -11.5  -11.1  -15.0  7.3  7.5 37493438
 82.4984400  16.2002364 15.31  38  34 2000.396 2000.631      5.0    4.8  -14.0  6.3  6.3 37493442
 82.4987964  16.2072864 16.20  43  34 2000.149 2000.631     11.7   11.2   -1.2  6.4  6.3 37493443
 82.5007569  16.1125064 16.27 193  33 1988.090 2000.663      7.2    6.9   -6.6  9.2  6.3 37493445
 82.5033675  16.2448056 13.96  33  33 2000.663 2000.663     -1.9   -1.8   -9.7  6.3  6.3 37493447
 82.5034942  16.0240706 16.03  44  33 2000.038 2000.663     -1.7   -1.6  -10.5  6.4  6.3 37493448
 82.5036269  16.1782656 13.88  43  93 2000.149 1996.114     18.8   18.1  -15.0  6.4  7.0 37493449
 82.5051728  16.2377417 16.09  44  41 2000.038 2000.253      9.6    9.2  -10.1  6.4  6.4 37493450
 82.5078161  16.0210567 13.14  37  37 2000.482 2000.440     -5.7   -5.5  -17.8  6.3  6.3 37493452
 82.5113464  16.0711319 15.10  35  40 2000.682 2000.476    -10.4  -10.0   -2.9  6.8  6.9 37493453
 82.5119844  16.0612392 15.38  44  41 2000.038 2000.253     13.1   12.6  -26.7  6.4  6.4 37493454
 82.5121406  16.0901858 10.51  29  40 2000.277 1999.773     -1.7   -1.6   -9.5  5.0  5.7 37493455
 82.5146769  16.1655597 15.35  44  50 2000.038 1999.664      3.9    3.7   -7.7  6.4  6.4 37493460
 82.5166464  16.1350769 15.13  34  33 2000.597 2000.663      8.5    8.2   -5.3  6.3  6.3 37493461
 82.5175769  16.0208492 15.09  39  43 2000.350 2000.149      0.2    0.2  -17.8  6.3  6.4 37493462
 82.5233828  16.0478833 14.21  61  44 1998.843 2000.038      6.6    6.3   -8.5  6.6  6.4 37493466
 82.5254383  16.1520708 16.35  64  65 1998.677 1998.593     14.3   13.7  -20.9  6.6  6.6 37493468
 82.5287522  16.1658956 16.18 164  57 1990.104 1999.160      4.2    4.0  -12.7  8.5  6.5 37493470
 82.5340178  16.0201394 14.12  46  33 1999.920 2000.663     19.5   18.7   -4.9  6.4  6.3 37493475
 82.5409711  16.1622189 16.08  34  81 2000.597 1997.215      3.3    3.2  -13.5  6.3  6.8 37493479
 82.5417392  16.1194097 15.65  35  73 2000.560 1997.881     13.2   12.7  -19.0  6.3  6.7 37493480
 82.5457158  16.1294397 14.88  33  50 2000.663 1999.664      2.6    2.5  -15.6  6.3  6.4 37493483
 82.5489581  16.2165517 15.25  35  70 2000.560 1998.154     -3.3   -3.2   -8.4  6.3  6.7 37493484
 82.5512425  16.1088917 14.63  65  33 1998.593 2000.663     14.1   13.5  -15.4  6.6  6.3 37493485
 82.5560992  16.1091778 14.62  34  35 2000.631 2000.560     -0.3   -0.3   -9.7  6.3  6.3 37493487
 82.5588606  16.0129894 14.25  37  33 2000.482 2000.663      3.5    3.4  -10.5  6.3  6.3 37493490
 82.5589969  16.1937058 14.94  57  53 1999.160 1999.457      0.6    0.6  -10.4  6.5  6.5 37493491
 82.5589922  16.1342172 14.36  41  50 2000.253 1999.664     -2.6   -2.5  -12.9  6.4  6.4 37493492
 82.5616539  16.1990161 16.31  45  65 1999.980 1998.507      3.3    3.2  -11.9  6.4  6.6 37493493
 82.5678547  16.1524039 16.07  33  33 2000.663 2000.663     -3.8   -3.6  -14.7  6.3  6.3 37493496
 82.5720369  16.2365872 16.22  66  41 1998.420 2000.253     14.7   14.1  -16.2  6.6  6.4 37493499
 82.5720392  16.0964364 16.36  33  74 2000.663 1997.788      0.9    0.9  -11.9  6.3  6.7 37493500
 82.5742919  16.1705517 15.36  33  84 2000.663 1996.920      7.4    7.1  -18.1  6.3  6.9 37493504
 82.5749492  16.1878147 15.43  57  37 1999.160 2000.440      4.4    4.2  -10.6  6.5  6.3 37493505
 82.5760997  16.1153417 12.96  33  37 2000.663 2000.440     -1.9   -1.8  -24.8  6.3  6.3 37493507
 82.5767208  16.1779122 11.86  33  40 2000.663 2000.303      4.5    4.3  -11.3  6.3  6.3 37493508
 82.5795994  16.1375056 15.86  33  38 2000.663 2000.396      1.8    1.7  -13.2  6.3  6.3 37493509
 82.5815761  16.0202906 14.42  33  33 2000.663 2000.663      4.7    4.5   -9.7  6.3  6.3 37493510
 82.5829353  16.1268081 15.83  33  41 2000.663 2000.253      1.8    1.7  -11.4  6.3  6.4 37493512
 82.5942125  16.0586386 10.37  17  19 1996.628 1997.830     79.6   76.5  -23.9  1.2  1.8 37493518
 82.5987394  16.1192211 15.29  47  77 1999.858 1997.599      4.8    4.6   -6.3  6.4  6.8 37493523
 82.5997725  16.0262342 14.33  36  33 2000.522 2000.663      0.9    0.9  -12.0  6.3  6.3 37493524
 82.6005075  16.0918328 11.11  16  29 1997.095 1994.518     -0.8   -0.8   -7.6  1.2  1.8 37493525
 82.6025944  16.1153656 14.56  55  34 1999.311 2000.597      7.8    7.5  -24.4  6.5  6.3 37493526
 82.6038675  16.0941603 16.07  57  33 1999.160 2000.663      8.5    8.2   -7.3  6.5  6.3 37493528
 82.6051217  16.0286667 15.59  67  33 1998.333 2000.663      4.4    4.2   -6.9  6.6  6.3 37493529
 82.6070831  16.0163653 15.36  33  33 2000.663 2000.663      0.2    0.2   -8.8  6.3  6.3 37493532
 82.6134131  16.1292892 15.42  33  33 2000.663 2000.663      0.8    0.8  -20.3  6.3  6.3 37493534
 82.6153581  16.2451389 16.32  99  66 1995.601 1998.420      1.2    1.2  -11.4  7.1  6.6 37493536
 82.6157422  16.0528050 11.45  33  33 2000.663 2000.663     -0.8   -0.8   -7.9  6.3  6.3 37493537
 82.6234303  16.1550314 15.43  34  33 2000.631 2000.663      5.1    4.9  -16.6  6.3  6.3 37493543
 82.6245283  16.1032956 14.78  33  33 2000.663 2000.663      6.3    6.1   -5.7  6.3  6.3 37493544
 82.6304650  16.0226292 14.14  37  33 2000.482 2000.663     10.5   10.1  -12.2  6.3  6.3 37493552
 82.6317872  16.2253114 15.58  36  43 2000.522 2000.149     11.0   10.6  -13.5  6.3  6.4 37493555
 82.6393003  16.0470475 14.18  33  33 2000.663 2000.663      8.7    8.4  -15.2  6.3  6.3 37493559
 82.6401950  16.1113583 11.37  19  20 1999.680 1999.753      0.2    0.2   -6.6  2.2  2.0 37493561
 82.6426503  16.0339339 13.76  33  35 2000.663 2000.560      0.5    0.5  -19.1  6.3  6.3 37493562
 82.6495664  16.2183389 16.47  78  78 1997.504 1997.504      3.2    3.1  -11.1  6.8  6.8 37493566
 82.6537253  16.1982144 15.42  52  44 1999.528 2000.038     12.6   12.1   -2.9  6.5  6.4 37493568
 82.6544314  16.0547781 15.98  33  33 2000.663 2000.663      6.8    6.5  -19.5  6.3  6.3 37493570
 82.6547258  16.1499053 14.94  54  36 1999.385 2000.522      6.0    5.8  -13.0  6.5  6.3 37493571
 82.6569186  16.1763039 14.69  52  39 1999.528 2000.350     -0.9   -0.9  -17.6  6.5  6.3 37493575
 82.6586875  16.0786169 16.07  41  46 2000.253 1999.920     12.1   11.6  -10.6  6.4  6.4 37493576
 82.6587411  16.2415892 14.87  33  54 2000.663 1999.385      1.5    1.4   -6.8  6.3  6.5 37493577
 82.6596828  16.1704969 16.65 129 129 1992.930 1992.930     -0.8   -0.8  -10.1  7.7  7.7 37493578
 82.6712147  16.1657117 12.24  33  37 2000.663 2000.482     -3.8   -3.6   -4.3  6.3  6.3 37493586
 82.6739431  16.1036067 16.50  33  62 2000.673 1998.770     13.7   13.2  -14.6  6.3  6.6 37493587
 82.6740725  16.1672244 16.38  58  73 1999.092 1997.889     14.4   13.8   -3.5  6.5  6.7 37493588
 82.6775500  16.0169678 15.41  47  33 1999.868 2000.673      6.6    6.3  -17.6  6.4  6.3 37493592
 82.6818842  16.0853592 15.97  33  33 2000.673 2000.673      7.1    6.8  -15.5  6.3  6.3 37493595
 82.6821678  16.0971978 15.75  33 113 2000.663 1994.359     11.4   11.0  -17.3  6.3  7.4 37493596
 82.6823081  16.1742067 15.28  43  33 2000.149 2000.663      6.1    5.9   -5.1  6.4  6.3 37493597
 82.6844014  16.1649825 14.40  48  33 1999.805 2000.673     -1.0   -1.0   -4.1  6.4  6.3 37493598
 82.6865408  16.2385139 15.85  65  33 1998.507 2000.663      5.4    5.2   -4.9  6.6  6.3 37493601
 82.6920564  16.2161633 13.65  33  47 2000.663 1999.858      3.0    2.9   -7.3  6.3  6.4 37493606
 82.6994814  16.0595953 12.15  44  37 2000.038 2000.482      2.6    2.5   -7.2  6.4  6.3 37493609
 82.6998392  16.0423872 14.48  37  42 2000.482 2000.202      1.5    1.4  -11.3  6.3  6.4 37493610
 82.7009450  16.1981328 11.44  43  34 2000.149 2000.631     15.9   15.3  -14.6  6.4  6.3 37493611
 82.7035047  16.1550800 13.83  34  52 2000.597 1999.528     10.8   10.4  -17.8  6.3  6.5 37493616
 82.7123364  16.2015719 12.58  45  35 1999.980 2000.560     -3.5   -3.4  -11.3  6.4  6.3 37493620
 82.7146308  16.2369608 15.86  33  33 2000.663 2000.663     13.2   12.7  -33.8  6.3  6.3 37493621
 82.7151497  16.1868533 13.75  44  37 2000.038 2000.440      8.3    8.0  -13.2  6.4  6.3 37493623
 82.7238633  16.1189814 15.49  33  62 2000.663 1998.761     12.5   12.0   -7.1  6.3  6.6 37493630
 82.7257864  16.0138400 13.84  36  33 2000.522 2000.663     12.1   11.6  -20.4  6.3  6.3 37493631
 82.7269400  16.2239314 13.37  34  46 2000.597 1999.920      0.5    0.5   -8.1  6.3  6.4 37493633
 82.7351381  16.1828458 15.88  98  45 1995.712 1999.989      7.5    7.2   -9.2  7.1  6.4 37493634
 82.7358375  16.0348783 14.41  33  37 2000.663 2000.440     -1.4   -1.3   -6.4  6.3  6.3 37493635
 82.7391975  16.2337169 15.25  44  43 2000.047 2000.159      7.7    7.4   -5.9  6.4  6.4 37493639
 82.7396064  16.0081708 16.04  47  33 1999.858 2000.663      6.9    6.6   -7.0  6.4  6.3 37493640
 82.7420481  16.1286153 15.77  33  34 2000.663 2000.597      4.7    4.5   -2.8  6.3  6.3 37493641
 82.7457192  16.1586736 14.24  37  37 2000.440 2000.482     -3.3   -3.2  -10.5  6.3  6.3 37493644
 82.7901206  16.1348400 14.73  38  39 2000.396 2000.350      4.4    4.2   -9.2  6.3  6.3 37493661
 82.7958892  16.2109797 13.68  33  33 2000.663 2000.663      3.5    3.4  -10.2  6.3  6.3 37493665
 82.7964581  16.1098083 14.95  33  37 2000.663 2000.482      0.0    0.0  -11.1  6.3  6.3 37493666
 82.7964739  16.1300181 14.83  33  43 2000.663 2000.149      9.2    8.8  -10.6  6.3  6.4 37493667
 82.8129150  16.0039903 15.10  33  38 2000.663 2000.396      7.2    6.9   -4.9  6.3  6.3 37493670
 82.8196908  16.2464978 13.36  33  33 2000.663 2000.663     -1.5   -1.4   -6.8  6.3  6.3 37493672
 82.8226892  16.0633867 14.79  33  37 2000.663 2000.440     27.9   26.8   -9.2  6.3  6.3 37493673
 82.8292261  16.1477047 13.59  45  33 1999.980 2000.663     29.3   28.1   -6.8  6.4  6.3 37493677
 82.8319203  16.2386358 14.45  40  33 2000.303 2000.663      3.3    3.2   -9.3  6.3  6.3 37493679
 82.8457428  16.1965456 13.98  42  42 2000.202 2000.202      6.6    6.3  -14.1  6.4  6.4 37493685
 82.8462214  16.0997800 15.94  92  33 1996.216 2000.663      9.8    9.4   -7.8  7.0  6.3 37493686
 82.8579319  16.1998542 16.11 103  33 1995.291 2000.663     12.8   12.3   -5.5  7.2  6.3 37493689
 82.8606717  16.1726950 15.89  44  46 2000.038 1999.920      5.0    4.8   -7.8  6.4  6.4 37493690
 82.8625958  16.2197564 15.57  33  41 2000.673 2000.263     19.7   18.9  -21.2  6.3  6.4 37493693
 82.8675286  16.1578444 16.15  33  91 2000.663 1996.318      5.3    5.1  -30.3  6.3  7.0 37493696
 82.8677297  16.0710864 14.88  71  49 1998.064 1999.731     -2.7   -2.6  -18.0  6.7  6.4 37493697
 82.8763936  16.0868283 12.75  37  33 2000.482 2000.663     -7.5   -7.2   -9.8  6.3  6.3 37493702
 82.8765389  16.2241489 14.25  60  37 1998.924 2000.482      6.1    5.9  -23.9  6.5  6.3 37493703
 82.8804572  16.1239111 15.55  46  33 1999.929 2000.673      2.6    2.5  -17.7  6.4  6.3 37493708
 82.8849489  16.2008547 15.66  56  40 1999.504 2000.436     10.4   10.0   17.7  7.0  6.9 37493709
 82.8863264  16.0523986 14.10  47  33 1999.858 2000.663      2.9    2.8  -12.6  6.4  6.3 37493711
 82.8934981  16.1165531 15.22  33  33 2000.663 2000.663      5.6    5.4    2.5  6.3  6.3 37493715
 82.8962489  16.1582314 15.52  65  44 1998.507 2000.094      6.0    5.8   -9.2  6.6  6.4 37493716
 82.9002533  16.2047414 15.32  33  47 2000.663 1999.858      5.9    5.7   -8.6  6.3  6.4 37493719
 82.9038317  16.1614839 13.95  33  33 2000.663 2000.663      7.7    7.4  -18.4  6.3  6.3 37493721
 82.9051264  16.2350189 15.53  49  33 1999.731 2000.663      3.6    3.5  -11.5  6.4  6.3 37493722
 82.9103633  16.1182653 13.86  44  33 2000.038 2000.663     10.5   10.1   -7.7  6.4  6.3 37493724
 82.9145500  16.0605869 14.72  33  36 2000.663 2000.522     -6.1   -5.9  -14.0  6.3  6.3 37493726
 82.9230297  16.1661511 16.37 209  37 1987.105 2000.482      3.6    3.5  -10.1  9.6  6.3 37493733
 82.9281489  16.2157733 14.54  33  43 2000.663 2000.149     -1.2   -1.2  -17.6  6.3  6.4 37493735
 82.9359181  16.2090200 16.18  37 158 2000.482 1990.456      7.4    7.1  -12.7  6.3  8.3 37493739
 82.9375939  16.2235833 16.02  66  51 1998.420 1999.597      6.8    6.5   -5.7  6.6  6.4 37493740
 82.9407942  16.1389247 15.35  74  33 1997.788 2000.663      4.2    4.0  -17.6  6.7  6.3 37493741
 82.9408086  16.1678872 14.06  33  40 2000.663 2000.303      5.0    4.8   -1.7  6.3  6.3 37493742
 82.9410325  16.2014486 15.60  44  33 2000.038 2000.663     13.8   13.3  -18.9  6.4  6.3 37493743
 82.9579250  16.2217114 13.71  37  33 2000.482 2000.663     11.9   11.4  -20.1  6.3  6.3 37493748
 82.9586658  16.0003364 14.33  33  47 2000.663 1999.858     12.9   12.4   -7.8  6.3  6.4 37493749
 82.9622550  16.2197764 11.95  19  20 1999.737 1999.874     97.4   93.5 -312.4  2.3  2.3 37493751
 82.9622364  16.2358856 13.78  33  38 2000.663 2000.396     24.5   23.5  -16.5  6.3  6.3 37493752
 82.9626164  16.0444778 15.18  37  33 2000.440 2000.663      9.3    8.9  -10.0  6.3  6.3 37493753
 82.9654236  16.1919931 15.09  33  33 2000.663 2000.663      6.0    5.8   -8.4  6.3  6.3 37493756
 82.9686758  16.1593308 13.69  34  33 2000.597 2000.663      4.5    4.3  -15.9  6.3  6.3 37493757
 82.9709064  16.1359656 14.57  34  51 2000.597 1999.597      3.5    3.4   -6.2  6.3  6.4 37493760
 82.9711678  16.2093433 15.62  40  52 2000.303 1999.528     11.3   10.9  -24.2  6.3  6.5 37493761
 82.9721344  16.0148967 14.75  34  33 2000.597 2000.663      6.0    5.8  -19.2  6.3  6.3 37493762
 82.9734506  16.1839486 14.43  33  33 2000.663 2000.663      0.0    0.0  -11.9  6.3  6.3 37493763
 82.9767597  16.1309997 16.43 127 197 1993.037 1987.803      0.8    0.8  -11.8  7.6  9.3 37493764
 82.9791358  16.0249128 15.44  56  58 1999.236 1999.083      8.7    8.4    0.0  6.5  6.5 37493765
 82.9814633  16.1776625 15.73  33  92 2000.663 1996.216      3.6    3.5   -4.9  6.3  7.0 37493767
 82.9815342  16.1938097 16.20  44  33 2000.094 2000.663      6.3    6.1  -12.4  6.4  6.3 37493768
 82.9841225  16.0073483 16.25  42  36 2000.202 2000.522      5.6    5.4   -3.1  6.4  6.3 37493769
 82.9860942  16.0607514 13.84  35  34 2000.560 2000.631      6.0    5.8   -6.9  6.3  6.3 37493771
 82.9885578  16.2409156 15.62  46  70 1999.920 1998.154      1.8    1.7   -9.7  6.4  6.7 37493772
 82.9904269  16.2333489 12.35  33  33 2000.663 2000.663      2.1    2.0  -10.4  6.3  6.3 37493774
 82.9905619  16.2049100 14.47  39  43 2000.350 2000.149      8.1    7.8   -5.9  6.3  6.4 37493775
 82.9906153  16.1612539 14.20  38  37 2000.396 2000.440      1.2    1.2  -16.1  6.3  6.3 37493776
 82.9914925  16.1961028 13.49  42  33 2000.202 2000.663      2.7    2.6  -16.0  6.4  6.3 37493777
 82.9976594  16.2063936 16.20  33  92 2000.663 1996.216      3.0    2.9   -7.9  6.3  7.0 37493780
 83.0000925  16.0790942 15.44  33  34 2000.663 2000.631      7.7    7.4  -11.3  6.3  6.3 37493781
 83.0032844  16.1205486 16.18  36  33 2000.492 2000.673      7.4    7.1  -13.4  6.3  6.3 37493785
 83.0046419  16.1325989 15.54  48  37 1999.795 2000.482      3.8    3.7  -13.2  6.4  6.3 37493787
 83.0069961  16.0486011 13.75  40  35 2000.303 2000.560      0.6    0.6   -6.6  6.3  6.3 37493789
 83.0076933  16.0036594 13.31  33  33 2000.663 2000.663      1.9    1.8  -14.0  6.3  6.3 37493790
 83.0108381  16.1788633 16.09  91  48 1996.318 1999.795     -2.4   -2.3  -12.5  7.0  6.4 37493792
 83.0158203  16.2068381 15.84  46  65 1999.920 1998.593      2.6    2.5  -15.2  6.4  6.6 37493795
 83.0202450  16.1803425 15.42  33  33 2000.663 2000.663     -3.9   -3.7  -16.6  6.3  6.3 37493798
 83.0217478  16.1167625 15.83  33  34 2000.663 2000.597      5.6    5.4   -4.7  6.3  6.3 37493801
 83.0260522  16.1918808 15.04  44  77 2000.094 1997.599     -5.4   -5.2  -14.9  6.4  6.8 37493804
 83.0308967  16.1098672 13.79  34  37 2000.597 2000.482     22.1   21.2   -7.4  6.3  6.3 37493805
 83.0404094  16.2169231 16.15  55  37 1999.311 2000.440     10.7   10.3   -5.4  6.5  6.3 37493813
 83.0463369  16.2028428 15.18  49  37 1999.731 2000.482      3.9    3.7   -5.6  6.4  6.3 37493815
 83.0512653  16.1796631 15.75  48  33 1999.795 2000.663     10.7   10.3  -12.2  6.4  6.3 37493816
 83.0576525  16.1565183  9.17  23  22 1998.101 1999.047      6.6    6.3   -5.3  2.6  2.8 37493817
 83.0622722  16.0402792 13.67  34  34 2000.631 2000.597     -1.2   -1.2   -7.4  6.3  6.3 37493821
 83.0622936  16.0124289 12.72  33  33 2000.663 2000.663      1.8    1.7  -10.4  6.3  6.3 37493822
 83.0724269  16.1908806 16.41  39 101 2000.360 1995.402     11.1   10.7   -9.4  6.3  7.1 37493827
 83.0799711  16.1078417 14.59  84  33 1996.920 2000.663      6.3    6.1   -0.8  6.9  6.3 37493831
 83.0829111  16.2059536 14.51  45  33 1999.980 2000.663      4.2    4.0   -6.9  6.4  6.3 37493833
 83.0829267  16.1248275 16.12  33  44 2000.663 2000.038      5.0    4.8  -19.4  6.3  6.4 37493834
 83.0871567  16.0912611 13.97  33  40 2000.663 2000.303      2.9    2.8  -12.0  6.3  6.3 37493836
 83.0890358  16.2257828 15.94 140  80 1991.945 1997.312      9.5    9.1   -7.7  7.9  6.8 37493838
 83.0902364  16.1288294 16.32  35  74 2000.560 1997.788      7.7    7.4   -0.1  6.3  6.7 37493840
 83.0927194  16.2338061 15.44  38  85 2000.396 1996.821     14.4   13.8  -19.1  6.3  6.9 37493842
 83.0935008  16.0508203 15.25  60  34 1998.924 2000.631      1.2    1.2  -14.8  6.5  6.3 37493843
 83.0936003  16.0441097 16.40  65  45 1998.593 1999.980     -1.9   -1.8   -5.5  6.6  6.4 37493844
 83.0966031  16.1392947 14.04  48  44 1999.795 2000.038     -1.5   -1.4   -6.3  6.4  6.4 37493845
 83.0968828  16.1780169 13.97  33  33 2000.663 2000.663     -0.8   -0.8   -9.9  6.3  6.3 37493846
 83.0987442  16.0894425 15.89  73  49 1997.881 1999.731      7.1    6.8   -9.4  6.7  6.4 37493849
 83.1000675  16.0636386 13.11  35  33 2000.560 2000.663      1.4    1.3  -10.6  6.3  6.3 37493850
 83.1041197  16.0322903 15.39  66  33 1998.429 2000.673     -2.9   -2.8  -10.9  6.6  6.3 37493852
 83.1049164  16.0187131 15.92  73  64 1997.881 1998.677     12.5   12.0  -20.6  6.7  6.6 37493853
 83.1055172  16.0598903 16.19 125  33 1993.232 2000.663     22.8   21.9  -11.1  7.6  6.3 37493854
 83.1071050  16.0833025 14.31  48  57 1999.795 1999.160      9.0    8.6  -19.1  6.4  6.5 37493855
 83.1112164  16.0487114 15.18  44  44 2000.094 2000.094     13.8   13.3  -13.1  6.4  6.4 37493859
 83.1179506  16.0159236 13.84  33  34 2000.663 2000.631      7.1    6.8  -13.1  6.3  6.3 37493865
