FIRST ORDER ECCENTRIC (LINDBLAD)

Ja 2:1              1  1  0  -2  0  0   1.59536    96247.95   -6.26553E-04
Ja 3:2              2  1  0  -3  0  0   1.92209   115959.74   -2.36617E-03
Ja 4:3              3  1  0  -4  0  0   2.07638   125267.96   -5.20396E-03
Ja 5:4              4  1  0  -5  0  0   2.16644   130701.61   -9.13749E-03
Ja 6:5              5  1  0  -6  0  0   2.22552   134265.82   -1.41660E-02
Ja 7:6              6  1  0  -7  0  0   2.26727   136784.55   -2.02893E-02
Ja 8:7              7  1  0  -8  0  0   2.29835   138659.26   -2.75071E-02
Ja 9:8              8  1  0  -9  0  0   2.32238   140109.07   -3.58193E-02
Ja 10:9             9  1  0 -10  0  0   2.34152   141263.79   -4.52261E-02

SECOND ORDER ECCENTRIC (LINDBLAD)

Ja 3:1              1  1  0  -3  1  0   1.22759    74060.76   -4.53119E-08
Ja 4:2              2  1  0  -4  1  0   1.59113    95992.87   -3.68536E-07
Ja 5:3              3  1  0  -5  1  0   1.79234   108131.88   -1.41622E-06
Ja 6:4              4  1  0  -6  1  0   1.92075   115879.12   -3.84778E-06
Ja 7:5              5  1  0  -7  1  0   2.01001   121264.15   -8.53568E-06
Ja 8:6              6  1  0  -8  1  0   2.07572   125228.25   -1.65654E-05
Ja 9:7              7  1  0  -9  1  0   2.12614   128269.79   -2.92354E-05
Ja 10:8             8  1  0 -10  1  0   2.16605   130677.94   -4.80573E-05
Ja 11:9             9  1  0 -11  1  0   2.19845   132632.22   -7.47556E-05
Ja 12:10           10  1  0 -12  1  0   2.22526   134250.09   -1.11268E-04
Ja 13:11           11  1  0 -13  1  0   2.24783   135611.63   -1.59744E-04
Ja 14:12           12  1  0 -14  1  0   2.26709   136773.34   -2.22549E-04
Ja 15:13           13  1  0 -15  1  0   2.28371   137776.25   -3.02259E-04
Ja 16:14           14  1  0 -16  1  0   2.29821   138650.86   -4.01662E-04
Ja 17:15           15  1  0 -17  1  0   2.31096   139420.32   -5.23763E-04
Ja 18:16           16  1  0 -18  1  0   2.32227   140102.54   -6.71776E-04
Ja 19:17           17  1  0 -19  1  0   2.33236   140711.56   -8.49130E-04
Ja 20:18           18  1  0 -20  1  0   2.34143   141258.57   -1.05947E-03
Ja 21:19           19  1  0 -21  1  0   2.34962   141752.59   -1.30664E-03
Ja 22:20           20  1  0 -22  1  0   2.35705   142200.95   -1.59472E-03

THIRD ORDER ECCENTRIC (LINDBLAD)

Ja 5:2              2  1  0  -5  2  0   1.37502    82954.66   -3.73201E-11
Ja 6:3              3  1  0  -6  2  0   1.58970    95906.87   -2.13399E-10
Ja 7:4              4  1  0  -7  2  0   1.73508   104677.18   -8.12508E-10
Ja 8:5              5  1  0  -8  2  0   1.84038   111030.22   -2.39680E-09
Ja 9:6              6  1  0  -9  2  0   1.92031   115852.13   -6.01227E-09
Ja 10:7             7  1  0 -10  2  0   1.98310   119640.26   -1.32273E-08
Ja 11:8             8  1  0 -11  2  0   2.03376   122696.46   -2.67372E-08
Ja 12:9             9  1  0 -12  2  0   2.07550   125214.99   -4.97584E-08
Ja 13:10           10  1  0 -13  2  0   2.11050   127326.71   -8.80562E-08
Ja 14:11           11  1  0 -14  2  0   2.14028   129123.10   -1.47019E-07
Ja 15:12           12  1  0 -15  2  0   2.16592   130670.03   -2.37688E-07
Ja 16:13           13  1  0 -16  2  0   2.18823   132016.20   -3.67738E-07
Ja 17:14           14  1  0 -17  2  0   2.20783   133198.37   -5.56811E-07
Ja 18:15           15  1  0 -18  2  0   2.22518   134244.84   -8.14197E-07
Ja 19:16           16  1  0 -19  2  0   2.24064   135177.74   -1.17300E-06
Ja 20:17           17  1  0 -20  2  0   2.25451   136014.62   -1.64221E-06
Ja 21:18           18  1  0 -21  2  0   2.26702   136769.60   -2.27529E-06
Ja 22:19           19  1  0 -22  2  0   2.27837   137454.15   -3.07722E-06
Ja 23:20           20  1  0 -23  2  0   2.28871   138077.70   -4.13138E-06
Ja 24:21           21  1  0 -24  2  0   2.29816   138648.05   -5.43257E-06
Ja 25:22           22  1  0 -25  2  0   2.30684   139171.75   -7.10694E-06
Ja 26:23           23  1  0 -26  2  0   2.31484   139654.30   -9.12981E-06
Ja 27:24           24  1  0 -27  2  0   2.32223   140100.36   -1.16871E-05
Ja 28:25           25  1  0 -28  2  0   2.32909   140513.93   -1.47213E-05
Ja 29:26           26  1  0 -29  2  0   2.33546   140898.43   -1.84998E-05
Ja 30:27           27  1  0 -30  2  0   2.34140   141256.83   -2.29145E-05
Ja 31:28           28  1  0 -31  2  0   2.34695   141591.69   -2.83421E-05

FOURTH ORDER ECCENTRIC (LINDBLAD)

Ja 13:9             9  1  0 -13  3  0   1.96851   118760.32   -2.15576E-11
Ja 14:10           10  1  0 -14  3  0   2.00956   121236.67   -4.40630E-11
Ja 15:11           11  1  0 -15  3  0   2.04480   123362.78   -8.48039E-11
Ja 16:12           12  1  0 -16  3  0   2.07539   125208.34   -1.55080E-10
Ja 17:13           13  1  0 -17  3  0   2.10220   126825.64   -2.72767E-10
Ja 18:14           14  1  0 -18  3  0   2.12589   128254.68   -4.59364E-10
Ja 19:15           15  1  0 -19  3  0   2.14697   129526.62   -7.55596E-10
Ja 20:16           16  1  0 -20  3  0   2.16586   130666.08   -1.19411E-09
Ja 21:17           17  1  0 -21  3  0   2.18287   131692.76   -1.86505E-09
Ja 22:18           18  1  0 -22  3  0   2.19829   132622.66   -2.80196E-09
Ja 23:19           19  1  0 -23  3  0   2.21231   133468.87   -4.19967E-09
Ja 24:20           20  1  0 -24  3  0   2.22513   134242.21   -6.05416E-09
Ja 25:21           21  1  0 -25  3  0   2.23689   134951.73   -8.77485E-09
Ja 26:22           22  1  0 -26  3  0   2.24772   135605.02   -1.22225E-08
Ja 27:23           23  1  0 -27  3  0   2.25772   136208.53   -1.72290E-08
Ja 28:24           24  1  0 -28  3  0   2.26699   136767.72   -2.33117E-08
Ja 29:25           25  1  0 -29  3  0   2.27561   137287.33   -3.20984E-08
Ja 30:26           26  1  0 -30  3  0   2.28363   137771.41   -4.23642E-08
Ja 31:27           27  1  0 -31  3  0   2.29112   138223.50   -5.71749E-08
Ja 32:28           28  1  0 -32  3  0   2.29814   138646.65   -7.38523E-08
Ja 33:29           29  1  0 -33  3  0   2.30472   139043.57   -9.79607E-08
Ja 34:30           30  1  0 -34  3  0   2.31090   139416.63   -1.24173E-07
Ja 35:31           31  1  0 -35  3  0   2.31672   139767.91   -1.62238E-07
Ja 36:32           32  1  0 -36  3  0   2.32222   140099.27   -2.02257E-07
Ja 37:33           33  1  0 -37  3  0   2.32741   140412.36   -2.60771E-07
Ja 38:34           34  1  0 -38  3  0   2.33232   140708.65   -3.20324E-07
Ja 39:35           35  1  0 -39  3  0   2.33697   140989.45   -4.08156E-07
Ja 40:36           36  1  0 -40  3  0   2.34139   141255.96   -4.94778E-07
