FIRST ORDER ECCENTRIC (LINDBLAD)

Mi 2:1              1  1  0  -2  0  0   1.94851   117553.65   -3.02312E-01
Mi 3:2              2  1  0  -3  0  0   2.35193   141892.18   -1.15004E+00

SECOND ORDER ECCENTRIC (LINDBLAD)

Mi 3:1              1  1  0  -3  1  0   1.49507    90197.83   -1.78445E-04
Mi 4:2              2  1  0  -4  1  0   1.94509   117347.05   -1.47353E-03
Mi 5:3              3  1  0  -5  1  0   2.19290   132297.93   -5.68614E-03
Mi 6:4              4  1  0  -6  1  0   2.35085   141826.96   -1.54782E-02

SECOND ORDER VERTICAL

Mi 3:1 BW           1  0  1  -3  0  1   1.47029    88702.60   -1.44684E-04
Mi 4:2 BW           2  0  1  -4  0  1   1.93477   116724.41   -1.34013E-03
Mi 5:3 BW           3  0  1  -5  0  1   2.18631   131900.22   -5.30891E-03
Mi 6:4 BW           4  0  1  -6  0  1   2.34596   141531.57   -1.46121E-02

THIRD ORDER ECCENTRIC (LINDBLAD)

Mi 4:1 (ee'^2)      1  1  0  -4  2  0   1.24136    74890.99   -9.15575E-08
Mi 4:1 (eI'^2)      1  1  0  -4  0  2   1.23927    74765.04   -9.03646E-08
Mi 5:2 (ee'^2)      2  1  0  -5  2  0   1.67928   101311.13   -1.22765E-06
Mi 5:2 (eI'^2)      2  1  0  -5  0  2   1.67697   101171.57   -1.21001E-06
Mi 6:3 (ee'^2)      3  1  0  -6  2  0   1.94394   117277.66   -7.06547E-06
Mi 6:3 (eI'^2)      3  1  0  -6  0  2   1.94169   117142.36   -6.95844E-06
Mi 7:4 (ee'^2)      4  1  0  -7  2  0   2.12280   128068.66   -2.69782E-05
Mi 7:4 (eI'^2)      4  1  0  -7  0  2   2.12070   127941.77   -2.65541E-05
Mi 8:5 (ee'^2)      5  1  0  -8  2  0   2.25227   135879.33   -7.97103E-05
Mi 8:5 (eI'^2)      5  1  0  -8  0  2   2.25031   135761.41   -7.84257E-05
Mi 9:6 (ee'^2)      6  1  0  -9  2  0   2.35049   141805.17   -2.00150E-04
Mi 9:6 (eI'^2)      6  1  0  -9  0  2   2.34868   141695.70   -1.96860E-04

THIRD ORDER VERTICAL

Mi 4:1 BW (e'II')   1  0  1  -4  1  1   1.21174    73104.23   -6.76574E-08
Mi 5:2 BW (e'II')   2  0  1  -5  1  1   1.66801   100631.18   -1.08795E-06
Mi 6:3 BW (e'II')   3  0  1  -6  1  1   1.93706   116862.63   -6.51318E-06
Mi 7:4 BW (e'II')   4  0  1  -7  1  1   2.11782   127767.88   -2.52728E-05
Mi 8:5 BW (e'II')   5  0  1  -8  1  1   2.24833   135641.95   -7.53158E-05
Mi 9:6 BW (e'II')   6  0  1  -9  1  1   2.34723   141608.24   -1.90115E-04

FOURTH ORDER ECCENTRIC (LINDBLAD)

Mi 5:1              1  1  0  -5  3  0   1.07654    64947.77   -5.42361E-11
Mi 5:1              1  1  0  -5  3  0   1.07654    64947.77   -5.42361E-11
Mi 5:1              1  1  0  -5  3  0   1.07654    64947.77   -5.42361E-11
Mi 6:2              2  1  0  -6  3  0   1.48986    89883.28   -9.90867E-10
Mi 6:2              2  1  0  -6  3  0   1.48986    89883.28   -9.90867E-10
Mi 6:2              2  1  0  -6  3  0   1.48986    89883.28   -9.90867E-10
Mi 7:3              3  1  0  -7  3  0   1.75588   105932.10   -7.58453E-09
Mi 7:3              3  1  0  -7  3  0   1.75588   105932.10   -7.58453E-09
Mi 7:3              3  1  0  -7  3  0   1.75588   105932.10   -7.58453E-09
Mi 8:4              4  1  0  -8  3  0   1.94336   117242.87   -3.72902E-08
Mi 8:4              4  1  0  -8  3  0   1.94336   117242.87   -3.72902E-08
Mi 8:4              4  1  0  -8  3  0   1.94336   117242.87   -3.72902E-08
Mi 9:5              5  1  0  -9  3  0   2.08330   125685.62   -1.38241E-07
Mi 9:5              5  1  0  -9  3  0   2.08330   125685.62   -1.38241E-07
Mi 9:5              5  1  0  -9  3  0   2.08330   125685.62   -1.38241E-07
Mi 10:6             6  1  0 -10  3  0   2.19202   132244.61   -4.26377E-07
Mi 10:6             6  1  0 -10  3  0   2.19202   132244.61   -4.26377E-07
Mi 10:6             6  1  0 -10  3  0   2.19202   132244.61   -4.26377E-07

FIFTH ORDER ECCENTRIC (LINDBLAD)

Mi 9:4              4  1  0  -9  4  0   1.79785   108464.09   -4.18787E-11
Mi 9:4              4  1  0  -9  4  0   1.79785   108464.09   -4.18787E-11
Mi 9:4              4  1  0  -9  4  0   1.79785   108464.09   -4.18787E-11
Mi 10:5             5  1  0 -10  4  0   1.94301   117221.96   -1.88509E-10
Mi 10:5             5  1  0 -10  4  0   1.94301   117221.96   -1.88509E-10
Mi 10:5             5  1  0 -10  4  0   1.94301   117221.96   -1.88509E-10
Mi 11:6             6  1  0 -11  4  0   2.05795   124156.07   -6.93944E-10
Mi 11:6             6  1  0 -11  4  0   2.05795   124156.07   -6.93944E-10
Mi 11:6             6  1  0 -11  4  0   2.05795   124156.07   -6.93944E-10
Mi 12:7             7  1  0 -12  4  0   2.15137   129792.10   -2.17707E-09
Mi 12:7             7  1  0 -12  4  0   2.15137   129792.10   -2.17707E-09
Mi 12:7             7  1  0 -12  4  0   2.15137   129792.10   -2.17707E-09
Mi 13:8             8  1  0 -13  4  0   2.22888   134468.30   -6.07365E-09
Mi 13:8             8  1  0 -13  4  0   2.22888   134468.30   -6.07365E-09
Mi 13:8             8  1  0 -13  4  0   2.22888   134468.30   -6.07365E-09
Mi 14:9             9  1  0 -14  4  0   2.29427   138413.29   -1.53698E-08
Mi 14:9             9  1  0 -14  4  0   2.29427   138413.29   -1.53698E-08
Mi 14:9             9  1  0 -14  4  0   2.29427   138413.29   -1.53698E-08
